0.003,2.39,2.40,2.40,2.40
0.004,2.41,2.42,2.40,2.40
0.005,2.39,2.40,2.40,2.40
0.006,2.41,2.41,2.41,2.40
0.007,2.42,2.44,2.40,2.40
0.008,2.40,2.41,2.39,2.40
0.009,2.39,2.40,2.40,2.40
0.009,2.40,2.41,2.40,2.41
0.010,2.40,2.41,2.39,2.41
0.011,2.42,2.41,2.41,2.41
0.012,2.41,2.44,2.42,2.41
0.013,2.41,2.41,2.40,2.41
0.014,2.39,2.40,2.41,2.41
0.014,2.42,2.41,2.41,2.41
0.014,2.42,2.42,2.42,2.41
0.014,2.41,2.41,2.40,2.41
0.015,2.41,2.41,2.40,2.41
0.015,2.42,2.42,2.40,2.41
0.015,2.40,2.43,2.40,2.41
0.015,2.40,2.41,2.40,2.41
0.015,2.40,2.41,2.41,2.41
0.016,2.42,2.42,2.41,2.41
0.016,2.42,2.44,2.39,2.41
0.017,2.40,2.41,2.40,2.41
0.017,2.41,2.41,2.42,2.41
0.018,2.41,2.42,2.41,2.41
0.018,2.39,2.41,2.40,2.41
0.018,2.41,2.40,2.39,2.41
0.019,2.42,2.41,2.41,2.41
0.019,2.44,2.42,2.41,2.41
0.020,2.40,2.42,2.40,2.41
0.020,2.39,2.39,2.40,2.41
0.020,2.42,2.42,2.41,2.41
0.020,2.44,2.44,2.41,2.41
0.021,2.40,2.41,2.40,2.41
0.021,2.39,2.41,2.40,2.41
0.021,2.42,2.42,2.40,2.41
0.021,2.41,2.43,2.42,2.41
0.022,2.40,2.41,2.41,2.41
0.022,2.41,2.41,2.40,2.41
0.022,2.42,2.42,2.41,2.41
0.022,2.42,2.43,2.38,2.41
0.022,2.41,2.41,2.40,2.41
0.023,2.43,2.41,2.40,2.41
0.023,2.42,2.42,2.41,2.41
0.023,2.40,2.43,2.39,2.41
0.023,2.40,2.42,2.40,2.41
0.024,2.40,2.42,2.41,2.41
0.024,2.42,2.43,2.40,2.41
0.024,2.41,2.41,2.40,2.41
0.024,2.40,2.41,2.38,2.41
0.025,2.41,2.42,2.41,2.41
0.025,2.43,2.43,2.41,2.41
0.025,2.40,2.42,2.39,2.41
0.025,2.40,2.41,2.39,2.41
0.026,2.42,2.42,2.41,2.41
0.026,2.42,2.42,2.43,2.41
0.026,2.41,2.42,2.40,2.41
0.026,2.40,2.40,2.39,2.41
0.027,2.42,2.42,2.40,2.41
0.027,2.42,2.43,2.39,2.41
0.027,2.41,2.42,2.39,2.41
0.027,2.39,2.42,2.40,2.41
0.028,2.42,2.42,2.41,2.41
0.028,2.40,2.45,2.41,2.41
0.028,2.40,2.41,2.39,2.41
0.028,2.41,2.41,2.42,2.41
0.028,2.42,2.42,2.40,2.41
0.029,2.40,2.42,2.40,2.41
0.029,2.41,2.41,2.39,2.41
0.029,2.43,2.41,2.41,2.41
0.029,2.43,2.42,2.42,2.41
0.029,2.41,2.41,2.39,2.41
0.030,2.40,2.39,2.39,2.41
0.030,2.42,2.41,2.41,2.41
0.030,2.41,2.43,2.43,2.41
0.030,2.41,2.41,2.39,2.41
0.031,2.41,2.40,2.39,2.41
0.031,2.41,2.42,2.40,2.41
0.031,2.42,2.43,2.40,2.41
0.032,2.42,2.41,2.39,2.41
0.032,2.41,2.41,2.40,2.42
0.032,2.42,2.42,2.40,2.41
0.033,2.42,2.41,2.40,2.41
0.033,2.41,2.41,2.39,2.41
0.034,2.42,2.40,2.41,2.41
0.034,2.41,2.42,2.40,2.40
0.034,2.40,2.45,2.40,2.41
0.035,2.40,2.40,2.40,2.41
0.035,2.41,2.40,2.41,2.41
0.036,2.42,2.42,2.41,2.40
0.036,2.41,2.42,2.40,2.41
0.036,2.41,2.40,2.39,2.41
0.037,2.42,2.41,2.41,2.41
0.037,2.42,2.44,2.42,2.41
0.037,2.41,2.41,2.39,2.41
0.038,2.41,2.39,2.39,2.41
0.038,2.41,2.42,2.41,2.40
0.038,2.42,2.44,2.42,2.41
0.038,2.40,2.41,2.40,2.41
0.039,2.39,2.40,2.40,2.41
0.039,2.42,2.42,2.41,2.41
0.039,2.42,2.43,2.40,2.41
0.039,2.40,2.41,2.40,2.41
0.039,2.40,2.41,2.41,2.41
0.040,2.41,2.42,2.41,2.41
0.040,2.41,2.45,2.39,2.41
0.040,2.40,2.41,2.39,2.41
0.040,2.42,2.41,2.40,2.41
0.041,2.41,2.42,2.41,2.41
0.041,2.40,2.42,2.40,2.41
0.041,2.40,2.41,2.40,2.41
0.041,2.39,2.43,2.42,2.41
0.041,2.41,2.42,2.40,2.41
0.042,2.40,2.42,2.40,2.41
0.042,2.40,2.40,2.40,2.41
0.042,2.41,2.42,2.41,2.40
0.043,2.42,2.42,2.41,2.40
0.043,2.41,2.41,2.39,2.41
0.043,2.40,2.41,2.39,2.41
0.043,2.42,2.41,2.41,2.40
0.043,2.42,2.43,2.41,2.41
0.044,2.41,2.41,2.40,2.41
0.044,2.39,2.41,2.40,2.41
0.044,2.41,2.42,2.42,2.41
0.044,2.42,2.42,2.41,2.41
0.044,2.41,2.41,2.39,2.41
0.045,2.42,2.42,2.40,2.41
0.045,2.41,2.43,2.41,2.41
0.045,2.41,2.41,2.38,2.41
0.045,2.41,2.41,2.40,2.41
0.046,2.41,2.39,2.41,2.41
0.046,2.41,2.43,2.41,2.41
0.046,2.40,2.42,2.41,2.41
0.046,2.40,2.41,2.40,2.41
0.046,2.40,2.42,2.41,2.40
0.047,2.42,2.43,2.41,2.40
0.047,2.40,2.41,2.40,2.41
0.047,2.39,2.39,2.40,2.41
0.047,2.41,2.42,2.42,2.40
0.047,2.41,2.43,2.41,2.40
0.048,2.40,2.42,2.39,2.41
0.048,2.39,2.40,2.40,2.41
0.048,2.42,2.43,2.40,2.41
0.048,2.42,2.44,2.40,2.40
0.049,2.41,2.41,2.40,2.41
0.049,2.41,2.41,2.39,2.41
0.049,2.41,2.42,2.41,2.40
0.049,2.40,2.41,2.42,2.41
0.049,2.40,2.41,2.40,2.41
0.050,2.41,2.41,2.40,2.41
0.050,2.42,2.42,2.41,2.40
0.050,2.40,2.42,2.39,2.41
0.050,2.41,2.41,2.40,2.41
0.050,2.41,2.41,2.42,2.41
0.051,2.41,2.42,2.41,2.40
0.051,2.41,2.42,2.40,2.41
0.051,2.40,2.40,2.39,2.41
0.051,2.42,2.42,2.40,2.40
0.052,2.44,2.42,2.40,2.40
0.052,2.41,2.41,2.40,2.41
0.052,2.39,2.40,2.40,2.41
0.052,2.41,2.42,2.41,2.40
0.052,2.41,2.43,2.43,2.41
0.053,2.41,2.41,2.40,2.41
0.053,2.39,2.41,2.40,2.41
0.053,2.41,2.42,2.41,2.40
0.053,2.42,2.42,2.41,2.41
0.053,2.40,2.41,2.39,2.41
0.054,2.40,2.40,2.40,2.41
0.054,2.42,2.42,2.40,2.41
0.054,2.41,2.43,2.41,2.41
0.054,2.39,2.42,2.40,2.40
0.055,2.40,2.41,2.40,2.40
0.055,2.41,2.43,2.41,2.40
0.055,2.43,2.42,2.39,2.41
0.055,2.41,2.42,2.39,2.40
0.056,2.42,2.43,2.41,2.40
0.056,2.41,2.43,2.42,2.40
0.056,2.41,2.42,2.40,2.41
0.056,2.39,2.41,2.40,2.40
0.056,2.41,2.42,2.41,2.40
0.057,2.41,2.44,2.41,2.40
0.057,2.40,2.41,2.40,2.41
0.057,2.40,2.40,2.40,2.41
0.057,2.41,2.42,2.41,2.40
0.058,2.42,2.43,2.42,2.40
0.058,2.41,2.41,2.40,2.40
0.058,2.39,2.41,2.40,2.41
0.058,2.42,2.42,2.41,2.40
0.058,2.41,2.43,2.42,2.40
0.059,2.40,2.41,2.40,2.40
0.059,2.41,2.40,2.41,2.41
0.059,2.42,2.41,2.41,2.40
0.059,2.43,2.42,2.40,2.41
0.060,2.41,2.41,2.40,2.41
0.060,2.42,2.41,2.39,2.41
0.060,2.40,2.41,2.43,2.40
0.061,2.46,2.43,2.41,2.40
0.061,2.38,2.42,2.40,2.40
0.061,2.39,2.40,2.39,2.40
0.061,2.40,2.41,2.42,2.40
0.061,2.40,2.41,2.43,2.40
0.062,2.41,2.40,2.40,2.40
0.062,2.46,2.43,2.41,2.40
0.063,2.38,2.42,2.40,2.40
0.063,2.39,2.40,2.39,2.40
0.063,2.40,2.41,2.42,2.40
0.064,2.40,2.41,2.43,2.40
0.064,2.41,2.40,2.40,2.40
0.066,2.41,2.40,2.42,2.41
0.071,2.42,2.41,2.42,2.40
0.075,2.42,2.42,2.41,2.41
0.079,2.39,2.42,2.39,2.41
0.083,2.41,2.42,2.40,2.40
0.087,2.43,2.42,2.42,2.41
0.091,2.40,2.42,2.41,2.41
0.095,2.41,2.41,2.40,2.41
0.100,2.45,2.43,2.42,2.40
0.107,2.41,2.43,2.41,2.40
0.111,2.40,2.41,2.39,2.41
0.116,2.36,2.40,2.41,2.41
0.120,2.41,2.41,2.42,2.41
0.124,2.43,2.42,2.43,2.40
0.128,2.38,2.41,2.41,2.41
0.133,2.40,2.40,2.38,2.41
0.136,2.41,2.42,2.41,2.40
0.141,2.40,2.44,2.41,2.41
0.145,2.41,2.40,2.40,2.41
0.149,2.42,2.39,2.41,2.41
0.153,2.46,2.41,2.42,2.40
0.157,2.45,2.41,2.41,2.41
0.161,2.41,2.41,2.40,2.41
0.165,2.41,2.41,2.42,2.41
0.169,2.39,2.42,2.41,2.40
0.177,2.40,2.40,2.41,2.41
0.181,2.41,2.40,2.41,2.41
0.186,2.42,2.42,2.44,2.40
0.190,2.40,2.41,2.41,2.41
0.194,2.37,2.42,2.40,2.41
0.198,2.40,2.40,2.40,2.41
0.202,2.44,2.41,2.41,2.40
0.206,2.45,2.43,2.42,2.41
0.210,2.39,2.42,2.40,2.41
0.214,2.41,2.39,2.40,2.41
0.218,2.40,2.42,2.42,2.40
0.222,2.44,2.43,2.41,2.41
0.227,2.43,2.40,2.40,2.41
0.231,2.38,2.38,2.41,2.41
0.235,2.40,2.41,2.43,2.41
0.242,2.41,2.41,2.42,2.40
0.247,2.38,2.40,2.40,2.41
0.251,2.41,2.40,2.41,2.41
0.255,2.42,2.41,2.41,2.40
0.259,2.43,2.42,2.39,2.41
0.263,2.40,2.41,2.41,2.41
0.267,2.39,2.43,2.40,2.41
0.271,2.40,2.41,2.41,2.40
0.276,2.43,2.41,2.39,2.40
0.280,2.41,2.41,2.40,2.41
0.284,2.40,2.40,2.43,2.40
0.288,2.43,2.42,2.40,2.40
0.294,2.42,2.40,2.40,2.41
0.297,2.40,2.40,2.40,2.41
0.300,2.42,2.41,2.41,2.41
0.304,2.44,2.43,2.41,2.40
0.312,2.40,2.41,2.41,2.41
0.316,2.39,2.41,2.41,2.41
0.320,2.39,2.40,2.42,2.41
0.324,2.43,2.41,2.41,2.40
0.329,2.42,2.41,2.40,2.40
0.333,2.39,2.39,2.39,2.41
0.337,2.43,2.41,2.41,2.40
0.341,2.39,2.43,2.39,2.41
0.345,2.38,2.41,2.40,2.41
0.350,2.42,2.42,2.39,2.41
0.354,2.45,2.42,2.41,2.40
0.358,2.38,2.40,2.40,2.41
0.362,2.39,2.40,2.41,2.41
0.366,2.42,2.41,2.42,2.41
0.370,2.42,2.42,2.42,2.40
0.378,2.42,2.41,2.39,2.41
0.382,2.39,2.40,2.40,2.41
0.386,2.42,2.41,2.41,2.40
0.390,2.41,2.40,2.42,2.41
0.394,2.42,2.41,2.40,2.40
0.399,2.40,2.39,2.39,2.41
0.403,2.43,2.40,2.41,2.40
0.407,2.42,2.42,2.41,2.40
0.411,2.41,2.40,2.40,2.41
0.415,2.41,2.40,2.39,2.41
0.419,2.39,2.41,2.41,2.41
0.424,2.40,2.41,2.43,2.41
0.427,2.42,2.40,2.41,2.41
0.431,2.41,2.39,2.43,2.40
0.436,2.41,2.40,2.42,2.41
0.440,2.40,2.40,2.42,2.40
0.447,2.41,2.41,2.40,2.40
0.451,2.39,2.41,2.39,2.40
0.456,2.44,2.41,2.40,2.40
0.460,2.43,2.42,2.39,2.41
0.464,2.39,2.41,2.40,2.41
0.468,2.40,2.42,2.43,2.41
0.472,2.40,2.41,2.41,2.40
0.476,2.40,2.39,2.41,2.41
0.480,2.42,2.40,2.39,2.40
0.485,2.42,2.40,2.41,2.41
0.489,2.42,2.42,2.43,2.40
0.493,2.41,2.41,2.40,2.40
0.497,2.40,2.40,2.40,2.41
0.501,2.40,2.41,2.41,2.41
0.505,2.43,2.41,2.41,2.40
0.513,2.45,2.41,2.39,2.41
0.517,2.40,2.39,2.40,2.41
0.521,2.37,2.41,2.42,2.41
0.525,2.42,2.42,2.42,2.40
0.530,2.39,2.41,2.40,2.40
0.534,2.41,2.40,2.40,2.41
0.538,2.41,2.41,2.41,2.40
0.542,2.43,2.42,2.39,2.40
0.546,2.39,2.41,2.40,2.41
0.550,2.38,2.41,2.42,2.41
0.554,2.42,2.42,2.42,2.40
0.558,2.42,2.42,2.41,2.40
0.563,2.40,2.41,2.40,2.41
0.567,2.43,2.40,2.42,2.40
0.571,2.41,2.41,2.41,2.41
0.574,2.39,2.42,2.41,2.41
0.583,2.41,2.41,2.39,2.41
0.587,2.40,2.41,2.41,2.41
0.591,2.42,2.42,2.41,2.40
0.595,2.43,2.41,2.40,2.41
0.599,2.41,2.39,2.41,2.40
0.603,2.40,2.41,2.42,2.40
0.607,2.42,2.43,2.42,2.40
0.612,2.40,2.41,2.40,2.41
0.616,2.41,2.40,2.40,2.40
0.620,2.45,2.41,2.41,2.40
0.624,2.41,2.42,2.41,2.41
0.628,2.38,2.41,2.40,2.40
0.632,2.41,2.39,2.45,2.40
0.636,2.42,2.42,2.42,2.40
0.640,2.44,2.42,2.42,2.41
0.648,2.37,2.41,2.40,2.41
0.652,2.44,2.41,2.41,2.40
0.656,2.41,2.42,2.41,2.40
0.660,2.39,2.42,2.41,2.40
0.664,2.42,2.41,2.40,2.40
0.668,2.42,2.40,2.41,2.40
0.673,2.40,2.42,2.42,2.40
0.677,2.42,2.42,2.41,2.40
0.681,2.39,2.39,2.40,2.41
0.685,2.44,2.42,2.40,2.40
0.690,2.44,2.43,2.40,2.40
0.694,2.39,2.42,2.40,2.40
0.698,2.40,2.41,2.40,2.40
0.702,2.41,2.42,2.41,2.40
0.706,2.42,2.43,2.42,2.41
0.710,2.44,2.42,2.39,2.40
0.718,2.40,2.40,2.41,2.41
0.722,2.43,2.42,2.41,2.40
0.726,2.44,2.45,2.39,2.40
0.730,2.39,2.42,2.40,2.41
0.734,2.39,2.42,2.42,2.40
0.738,2.44,2.42,2.40,2.40
0.743,2.36,2.43,2.39,2.41
0.747,2.40,2.42,2.40,2.40
0.751,2.40,2.43,2.40,2.40
0.755,2.42,2.42,2.41,2.40
0.759,2.43,2.41,2.40,2.40
0.763,2.41,2.41,2.40,2.41
0.767,2.42,2.42,2.41,2.40
0.772,2.45,2.44,2.42,2.40
0.776,2.37,2.42,2.40,2.41
0.783,2.42,2.42,2.39,2.40
0.787,2.41,2.43,2.41,2.40
0.791,2.41,2.44,2.41,2.40
0.796,2.39,2.41,2.40,2.41
0.800,2.40,2.41,2.39,2.41
0.804,2.43,2.42,2.41,2.40
0.808,2.43,2.43,2.41,2.40
0.812,2.42,2.42,2.41,2.40
0.816,2.40,2.41,2.40,2.41
0.821,2.43,2.42,2.41,2.40
0.825,2.39,2.43,2.39,2.41
0.829,2.48,2.41,2.39,2.40
0.833,2.39,2.43,2.39,2.40
0.837,2.37,2.42,2.41,2.41
0.841,2.38,2.43,2.42,2.40
0.845,2.39,2.41,2.40,2.41
0.853,2.40,2.41,2.41,2.40
0.857,2.45,2.43,2.40,2.40
0.861,2.44,2.43,2.40,2.40
0.865,2.39,2.41,2.39,2.41
0.870,2.39,2.43,2.41,2.40
0.874,2.48,2.44,2.40,2.40
0.878,2.45,2.43,2.39,2.40
0.882,2.32,2.41,2.40,2.41
0.886,2.39,2.42,2.41,2.40
0.890,2.39,2.44,2.41,2.40
0.894,2.41,2.42,2.40,2.41
0.898,2.44,2.40,2.40,2.40
0.903,2.44,2.43,2.39,2.40
0.907,2.42,2.44,2.42,2.40
0.911,2.38,2.42,2.40,2.40
0.918,2.41,2.43,2.40,2.40
0.923,2.44,2.43,2.40,2.40
0.927,2.46,2.43,2.40,2.41
0.931,2.37,2.42,2.39,2.40
0.935,2.36,2.43,2.40,2.40
0.939,2.41,2.42,2.40,2.41
0.943,2.38,2.42,2.40,2.40
0.947,2.41,2.41,2.39,2.40
0.952,2.43,2.43,2.40,2.40
0.956,2.42,2.43,2.40,2.41
0.960,2.40,2.43,2.39,2.41
0.964,2.44,2.41,2.39,2.40
0.968,2.46,2.43,2.39,2.40
0.972,2.36,2.43,2.41,2.41
0.976,2.38,2.42,2.39,2.40
0.984,2.42,2.43,2.39,2.40
0.988,2.42,2.43,2.41,2.40
0.992,2.41,2.45,2.40,2.41
0.996,2.43,2.43,2.39,2.40
1.000,2.39,2.41,2.39,2.41
1.004,2.42,2.43,2.40,2.41
1.009,2.48,2.42,2.40,2.40
1.013,2.42,2.42,2.39,2.40
1.017,2.36,2.41,2.39,2.41
1.021,2.41,2.43,2.40,2.40
1.025,2.43,2.45,2.39,2.40
1.030,2.42,2.42,2.39,2.40
1.033,2.43,2.41,2.40,2.41
1.038,2.37,2.43,2.40,2.40
1.042,2.45,2.44,2.40,2.40
1.046,2.41,2.42,2.40,2.40
1.054,2.49,2.43,2.40,2.40
1.058,2.34,2.44,2.40,2.40
1.062,2.40,2.42,2.41,2.41
1.066,2.40,2.40,2.40,2.41
1.070,2.41,2.42,2.41,2.40
1.074,2.44,2.43,2.39,2.40
1.078,2.38,2.43,2.39,2.40
1.082,2.34,2.42,2.39,2.41
1.086,2.49,2.46,2.39,2.40
1.091,2.41,2.45,2.40,2.41
1.095,2.46,2.42,2.39,2.40
1.099,2.39,2.44,2.39,2.40
1.103,2.43,2.43,2.40,2.40
1.107,2.43,2.43,2.39,2.41
1.111,2.39,2.43,2.39,2.41
1.119,2.43,2.43,2.39,2.40
1.123,2.42,2.43,2.40,2.40
1.127,2.40,2.42,2.40,2.41
1.132,2.38,2.43,2.39,2.41
1.136,2.42,2.44,2.39,2.40
1.140,2.39,2.43,2.39,2.41
1.144,2.42,2.42,2.39,2.40
1.148,2.43,2.42,2.38,2.40
1.152,2.45,2.43,2.40,2.40
1.156,2.39,2.44,2.41,2.40
1.160,2.41,2.42,2.39,2.41
1.165,2.40,2.42,2.38,2.40
1.169,2.44,2.43,2.39,2.40
1.173,2.39,2.45,2.39,2.41
1.177,2.41,2.42,2.40,2.40
1.184,2.35,2.42,2.38,2.40
1.189,2.44,2.43,2.39,2.40
1.193,2.43,2.42,2.40,2.40
1.197,2.39,2.42,2.39,2.41
1.201,2.41,2.42,2.38,2.41
1.205,2.41,2.43,2.39,2.40
1.209,2.45,2.42,2.40,2.40
1.213,2.38,2.42,2.39,2.40
1.218,2.45,2.43,2.39,2.40
1.222,2.41,2.42,2.41,2.40
1.226,2.41,2.44,2.39,2.40
1.230,2.42,2.43,2.38,2.40
1.234,2.39,2.44,2.39,2.41
1.239,2.40,2.44,2.40,2.41
1.242,2.38,2.43,2.39,2.40
1.246,2.41,2.41,2.39,2.40
1.254,2.42,2.43,2.40,2.40
1.258,2.42,2.44,2.42,2.40
1.262,2.43,2.42,2.39,2.40
1.267,2.42,2.43,2.37,2.40
1.271,2.40,2.44,2.39,2.40
1.275,2.42,2.43,2.39,2.40
1.279,2.41,2.42,2.39,2.40
1.283,2.38,2.41,2.39,2.41
1.287,2.44,2.44,2.39,2.40
1.292,2.41,2.48,2.38,2.40
1.296,2.42,2.43,2.38,2.40
1.299,2.38,2.44,2.40,2.40
1.303,2.40,2.44,2.40,2.40
1.308,2.39,2.41,2.41,2.40
1.312,2.42,2.42,2.39,2.40
1.320,2.41,2.41,2.42,2.40
1.324,2.40,2.45,2.39,2.40
1.328,2.38,2.44,2.39,2.40
1.332,2.42,2.45,2.37,2.40
1.336,2.37,2.44,2.40,2.41
1.341,2.42,2.43,2.41,2.40
1.344,2.41,2.42,2.40,2.40
1.350,2.38,2.41,2.39,2.41
1.353,2.43,2.42,2.41,2.40
1.357,2.43,2.45,2.41,2.40
1.361,2.40,2.42,2.39,2.41
1.365,2.43,2.41,2.37,2.41
1.369,2.42,2.44,2.39,2.40
1.374,2.47,2.44,2.39,2.40
1.378,2.43,2.44,2.38,2.40
1.382,2.39,2.44,2.39,2.40
1.389,2.43,2.44,2.39,2.40
1.393,2.37,2.44,2.39,2.41
1.398,2.39,2.43,2.39,2.40
1.402,2.42,2.43,2.38,2.40
1.406,2.39,2.44,2.40,2.41
1.410,2.42,2.45,2.40,2.41
1.414,2.38,2.45,2.39,2.40
1.418,2.43,2.43,2.37,2.40
1.423,2.44,2.43,2.38,2.40
1.427,2.41,2.42,2.39,2.40
1.431,2.39,2.41,2.40,2.40
1.435,2.49,2.43,2.41,2.40
1.440,2.38,2.46,2.39,2.41
1.444,2.38,2.44,2.39,2.41
1.447,2.40,2.43,2.38,2.40
1.455,2.39,2.44,2.40,2.40
1.459,2.40,2.46,2.39,2.40
1.463,2.39,2.43,2.41,2.40
1.467,2.39,2.41,2.40,2.40
1.471,2.41,2.43,2.40,2.40
1.475,2.42,2.45,2.38,2.40
1.480,2.40,2.42,2.39,2.40
1.484,2.39,2.43,2.40,2.40
1.488,2.40,2.45,2.40,2.40
1.492,2.40,2.45,2.41,2.40
1.496,2.42,2.45,2.40,2.40
1.501,2.42,2.43,2.40,2.40
1.505,2.40,2.44,2.39,2.41
1.509,2.39,2.43,2.40,2.40
1.513,2.41,2.44,2.40,2.41
1.520,2.37,2.44,2.40,2.40
1.525,2.44,2.43,2.42,2.40
1.529,2.40,2.44,2.39,2.40
1.533,2.36,2.44,2.38,2.40
1.537,2.42,2.44,2.40,2.40
1.541,2.41,2.45,2.41,2.40
1.546,2.38,2.44,2.39,2.40
1.549,2.43,2.42,2.39,2.40
1.553,2.46,2.44,2.39,2.40
1.558,2.39,2.44,2.41,2.41
1.562,2.39,2.44,2.41,2.40
1.566,2.39,2.43,2.40,2.41
1.570,2.40,2.45,2.39,2.41
1.575,2.39,2.44,2.39,2.40
1.578,2.42,2.43,2.38,2.40
1.582,2.43,2.42,2.42,2.40
1.590,2.40,2.45,2.40,2.41
1.594,2.38,2.46,2.40,2.40
1.598,2.45,2.47,2.39,2.40
1.602,2.39,2.45,2.40,2.40
1.607,2.39,2.43,2.40,2.40
1.611,2.43,2.43,2.39,2.40
1.615,2.41,2.44,2.39,2.40
1.619,2.41,2.45,2.40,2.40
1.623,2.39,2.45,2.40,2.40
1.628,2.39,2.44,2.39,2.40
1.631,2.40,2.42,2.41,2.40
1.635,2.39,2.45,2.40,2.40
1.640,2.41,2.47,2.41,2.41
1.644,2.40,2.45,2.43,2.40
1.648,2.41,2.43,2.39,2.40
1.656,2.38,2.44,2.39,2.41
1.660,2.47,2.46,2.39,2.41
1.664,2.40,2.45,2.39,2.41
1.668,2.36,2.49,2.39,2.40
1.673,2.43,2.51,2.41,2.40
1.676,2.38,2.47,2.40,2.41
1.680,2.40,2.42,2.39,2.41
1.684,2.38,2.43,2.40,2.41
1.689,2.41,2.46,2.38,2.40
1.693,2.41,2.44,2.39,2.41
1.697,2.41,2.43,2.42,2.40
1.701,2.41,2.44,2.41,2.40
1.705,2.43,2.47,2.39,2.40
1.709,2.38,2.46,2.39,2.41
1.714,2.41,2.45,2.40,2.41
1.721,2.39,2.45,2.43,2.40
1.725,2.42,2.46,2.40,2.40
1.729,2.41,2.45,2.38,2.40
1.733,2.41,2.43,2.38,2.40
1.738,2.43,2.45,2.40,2.40
1.742,2.42,2.50,2.40,2.40
1.746,2.39,2.46,2.42,2.40
1.750,2.42,2.43,2.40,2.40
1.754,2.38,2.44,2.38,2.41
1.759,2.43,2.47,2.40,2.40
1.762,2.40,2.48,2.39,2.40
1.767,2.45,2.44,2.38,2.40
1.771,2.41,2.44,2.40,2.40
1.775,2.40,2.44,2.41,2.41
1.779,2.40,2.46,2.40,2.40
1.783,2.42,2.44,2.39,2.40
1.791,2.40,2.47,2.39,2.41
1.795,2.42,2.43,2.40,2.40
1.799,2.40,2.45,2.40,2.40
1.803,2.40,2.45,2.40,2.40
1.807,2.42,2.47,2.42,2.40
1.811,2.41,2.46,2.40,2.40
1.816,2.41,2.46,2.39,2.40
1.820,2.42,2.45,2.40,2.40
1.824,2.40,2.47,2.43,2.40
1.828,2.39,2.46,2.39,2.41
1.832,2.45,2.44,2.39,2.40
1.836,2.41,2.45,2.40,2.40
1.840,2.40,2.48,2.40,2.41
1.844,2.42,2.46,2.40,2.40
1.849,2.40,2.45,2.40,2.41
1.856,2.43,2.47,2.39,2.40
1.861,2.39,2.49,2.42,2.40
1.864,2.41,2.45,2.42,2.40
1.869,2.39,2.43,2.38,2.40
1.873,2.43,2.48,2.38,2.40
1.877,2.42,2.46,2.40,2.40
1.881,2.39,2.45,2.40,2.41
1.886,2.42,2.50,2.40,2.40
1.889,2.40,2.45,2.39,2.41
1.895,2.41,2.44,2.40,2.41
1.898,2.39,2.44,2.39,2.40
1.902,2.42,2.47,2.41,2.40
1.906,2.42,2.48,2.46,2.40
1.910,2.41,2.46,2.41,2.40
1.914,2.40,2.45,2.36,2.41
1.918,2.42,2.45,2.38,2.40
1.926,2.40,2.47,2.40,2.40
1.930,2.41,2.46,2.39,2.40
1.934,2.41,2.45,2.42,2.40
1.938,2.41,2.46,2.40,2.40
1.942,2.39,2.48,2.40,2.41
1.946,2.40,2.45,2.40,2.41
1.951,2.39,2.45,2.41,2.40
1.955,2.41,2.47,2.42,2.40
1.959,2.43,2.49,2.39,2.40
1.963,2.40,2.48,2.38,2.40
1.967,2.40,2.46,2.39,2.41
1.971,2.42,2.44,2.40,2.40
1.976,2.40,2.48,2.38,2.40
1.979,2.41,2.48,2.39,2.40
1.984,2.40,2.46,2.40,2.41
1.991,2.42,2.45,2.42,2.40
1.996,2.40,2.45,2.41,2.40
1.999,2.42,2.45,2.39,2.41
2.004,2.39,2.47,2.41,2.40
2.008,2.47,2.47,2.40,2.40
2.012,2.39,2.44,2.41,2.40
2.016,2.40,2.44,2.42,2.40
2.021,2.41,2.46,2.39,2.41
2.025,2.41,2.49,2.39,2.40
2.029,2.42,2.48,2.38,2.40
2.033,2.40,2.47,2.39,2.41
2.037,2.40,2.45,2.42,2.40
2.041,2.42,2.46,2.42,2.40
2.045,2.42,2.47,2.39,2.40
2.049,2.38,2.45,2.41,2.40
2.057,2.44,2.48,2.40,2.40
2.061,2.42,2.45,2.41,2.40
2.065,2.41,2.44,2.40,2.40
2.069,2.41,2.43,2.37,2.40
2.074,2.43,2.46,2.40,2.40
2.078,2.39,2.48,2.42,2.40
2.082,2.41,2.45,2.40,2.40
2.086,2.40,2.46,2.41,2.41
2.090,2.44,2.49,2.40,2.40
2.094,2.39,2.48,2.40,2.41
2.098,2.40,2.44,2.39,2.40
2.103,2.44,2.45,2.38,2.40
2.107,2.42,2.49,2.39,2.40
2.111,2.47,2.49,2.39,2.41
2.115,2.38,2.43,2.42,2.41
2.122,2.40,2.44,2.40,2.40
2.127,2.42,2.46,2.39,2.40
2.131,2.41,2.49,2.39,2.41
2.135,2.39,2.46,2.40,2.41
2.139,2.39,2.46,2.41,2.40
2.143,2.44,2.46,2.42,2.40
2.147,2.43,2.46,2.41,2.40
2.151,2.40,2.50,2.39,2.41
2.155,2.42,2.47,2.39,2.40
2.160,2.40,2.44,2.41,2.40
2.164,2.39,2.45,2.40,2.40
2.168,2.44,2.47,2.44,2.40
2.172,2.39,2.50,2.39,2.41
2.177,2.40,2.45,2.37,2.41
2.180,2.39,2.43,2.39,2.41
2.184,2.42,2.47,2.39,2.40
2.192,2.41,2.47,2.40,2.40
2.196,2.41,2.46,2.39,2.41
2.201,2.42,2.49,2.40,2.40
2.205,2.40,2.48,2.41,2.40
2.209,2.42,2.46,2.40,2.40
2.213,2.42,2.45,2.39,2.40
2.217,2.40,2.48,2.40,2.41
2.221,2.41,2.46,2.39,2.41
2.225,2.41,2.45,2.42,2.40
2.229,2.42,2.45,2.38,2.40
2.234,2.41,2.44,2.40,2.40
2.238,2.41,2.49,2.40,2.41
2.242,2.41,2.49,2.40,2.41
2.246,2.42,2.45,2.39,2.40
2.250,2.41,2.45,2.38,2.40
2.258,2.41,2.47,2.40,2.40
2.262,2.43,2.47,2.42,2.40
2.266,2.42,2.46,2.40,2.40
2.270,2.37,2.47,2.41,2.40
2.274,2.39,2.45,2.42,2.40
2.278,2.40,2.46,2.39,2.41
2.282,2.41,2.49,2.42,2.40
2.287,2.44,2.48,2.42,2.40
2.291,2.42,2.43,2.40,2.40
2.295,2.42,2.44,2.38,2.40
2.299,2.41,2.43,2.40,2.40
2.303,2.39,2.45,2.42,2.41
2.308,2.41,2.47,2.38,2.41
2.312,2.41,2.48,2.39,2.40
2.315,2.41,2.44,2.39,2.40
2.323,2.40,2.47,2.41,2.40
2.327,2.39,2.47,2.42,2.40
2.331,2.41,2.47,2.40,2.40
2.335,2.41,2.47,2.39,2.40
2.340,2.42,2.46,2.40,2.40
2.344,2.41,2.47,2.40,2.41
2.348,2.39,2.51,2.38,2.41
2.352,2.43,2.46,2.39,2.40
2.356,2.43,2.46,2.40,2.40
2.361,2.39,2.47,2.39,2.40
2.365,2.39,2.47,2.39,2.41
2.369,2.42,2.45,2.40,2.40
2.373,2.41,2.49,2.41,2.40
2.377,2.40,2.46,2.39,2.41
2.381,2.38,2.43,2.41,2.41
2.385,2.42,2.45,2.41,2.40
2.393,2.41,2.46,2.42,2.40
2.397,2.42,2.46,2.42,2.40
2.401,2.39,2.44,2.40,2.40
2.405,2.42,2.46,2.39,2.40
2.410,2.42,2.48,2.42,2.40
2.414,2.42,2.45,2.43,2.40
2.418,2.39,2.44,2.38,2.41
2.422,2.41,2.46,2.39,2.40
2.426,2.39,2.46,2.36,2.40
2.430,2.42,2.45,2.38,2.40
2.434,2.42,2.44,2.38,2.40
2.438,2.41,2.46,2.39,2.40
2.442,2.42,2.44,2.39,2.40
2.447,2.40,2.49,2.41,2.40
2.450,2.40,2.47,2.42,2.40
2.458,2.41,2.46,2.40,2.40
2.462,2.40,2.43,2.41,2.40
2.467,2.39,2.43,2.40,2.41
2.471,2.40,2.46,2.39,2.40
2.475,2.43,2.54,2.39,2.40
2.479,2.42,2.47,2.39,2.40
2.483,2.42,2.42,2.39,2.40
2.487,2.40,2.44,2.42,2.40
2.491,2.41,2.45,2.43,2.40
2.496,2.40,2.45,2.38,2.41
2.500,2.41,2.44,2.40,2.41
2.504,2.41,2.47,2.40,2.40
2.508,2.39,2.49,2.39,2.41
2.512,2.40,2.44,2.39,2.40
2.516,2.39,2.44,2.41,2.41
2.524,2.44,2.46,2.39,2.40
2.528,2.39,2.45,2.43,2.40
2.532,2.40,2.44,2.39,2.40
2.536,2.42,2.46,2.39,2.40
2.540,2.40,2.45,2.40,2.41
2.545,2.39,2.45,2.39,2.41
2.549,2.39,2.47,2.41,2.41
2.553,2.40,2.45,2.41,2.40
2.557,2.41,2.45,2.40,2.41
2.562,2.40,2.50,2.42,2.40
2.566,2.40,2.45,2.40,2.41
2.570,2.42,2.43,2.39,2.40
2.574,2.40,2.46,2.43,2.40
2.578,2.41,2.49,2.39,2.41
2.582,2.39,2.43,2.39,2.41
2.586,2.44,2.43,2.39,2.41
2.594,2.40,2.45,2.39,2.41
2.598,2.39,2.46,2.39,2.41
2.602,2.39,2.49,2.41,2.40
2.606,2.40,2.44,2.42,2.40
2.610,2.40,2.43,2.39,2.40
2.614,2.39,2.45,2.39,2.40
2.618,2.44,2.48,2.41,2.40
2.622,2.43,2.45,2.39,2.40
2.627,2.42,2.44,2.37,2.40
2.631,2.42,2.43,2.40,2.40
2.635,2.39,2.44,2.42,2.40
2.639,2.44,2.44,2.41,2.40
2.643,2.42,2.46,2.40,2.40
2.647,2.39,2.43,2.41,2.40
2.651,2.41,2.51,2.41,2.40
2.659,2.42,2.46,2.38,2.41
2.663,2.42,2.43,2.40,2.40
2.667,2.42,2.42,2.35,2.40
2.671,2.39,2.45,2.39,2.41
2.675,2.42,2.46,2.41,2.40
2.679,2.39,2.45,2.39,2.40
2.684,2.39,2.47,2.39,2.40
2.688,2.42,2.45,2.42,2.40
2.692,2.42,2.45,2.39,2.40
2.696,2.41,2.42,2.38,2.40
2.700,2.37,2.45,2.42,2.40
2.705,2.42,2.47,2.40,2.40
2.709,2.39,2.44,2.45,2.40
2.713,2.40,2.43,2.39,2.41
2.717,2.42,2.44,2.37,2.40
2.724,2.46,2.45,2.39,2.40
2.728,2.43,2.46,2.39,2.40
2.733,2.38,2.45,2.39,2.40
2.737,2.38,2.48,2.41,2.40
2.741,2.44,2.44,2.42,2.40
2.745,2.40,2.44,2.39,2.40
2.749,2.39,2.41,2.39,2.41
2.754,2.41,2.46,2.42,2.40
2.758,2.43,2.48,2.39,2.40
2.762,2.37,2.46,2.39,2.40
2.766,2.40,2.44,2.39,2.40
2.770,2.41,2.44,2.39,2.40
2.774,2.41,2.43,2.41,2.41
2.778,2.39,2.42,2.39,2.41
2.782,2.41,2.46,2.41,2.40
2.787,2.40,2.46,2.39,2.41
2.794,2.41,2.45,2.38,2.40
2.798,2.42,2.45,2.39,2.40
2.802,2.40,2.44,2.39,2.40
2.807,2.41,2.45,2.39,2.40
2.811,2.42,2.46,2.40,2.40
2.815,2.39,2.45,2.39,2.40
2.819,2.42,2.44,2.40,2.40
2.823,2.40,2.45,2.42,2.40
2.827,2.40,2.47,2.40,2.40
2.832,2.41,2.45,2.39,2.40
2.836,2.45,2.45,2.41,2.40
2.840,2.42,2.44,2.36,2.40
2.844,2.39,2.42,2.38,2.40
2.849,2.41,2.42,2.40,2.40
2.853,2.40,2.46,2.41,2.40
2.860,2.42,2.46,2.40,2.40
2.864,2.41,2.43,2.39,2.41
2.868,2.40,2.42,2.41,2.40
2.872,2.41,2.45,2.39,2.40
2.876,2.40,2.45,2.38,2.40
2.881,2.40,2.44,2.39,2.40
2.884,2.38,2.49,2.39,2.40
2.889,2.40,2.44,2.40,2.40
2.893,2.43,2.45,2.36,2.40
2.897,2.40,2.42,2.45,2.40
2.901,2.41,2.45,2.39,2.40
2.905,2.41,2.44,2.38,2.40
2.909,2.39,2.42,2.42,2.40
2.914,2.40,2.43,2.40,2.40
2.918,2.42,2.44,2.39,2.40
2.925,2.42,2.46,2.40,2.40
2.929,2.41,2.46,2.36,2.40
2.933,2.39,2.45,2.38,2.41
2.938,2.40,2.44,2.40,2.40
2.942,2.42,2.44,2.42,2.40
2.946,2.41,2.42,2.39,2.41
2.950,2.39,2.41,2.39,2.40
2.954,2.41,2.44,2.38,2.40
2.958,2.41,2.45,2.43,2.40
2.962,2.40,2.44,2.40,2.40
2.967,2.41,2.49,2.39,2.41
2.971,2.39,2.43,2.39,2.40
2.975,2.40,2.41,2.41,2.40
2.979,2.39,2.42,2.44,2.40
2.983,2.45,2.47,2.37,2.41
2.987,2.42,2.43,2.39,2.40
2.995,2.43,2.45,2.38,2.41
2.999,2.39,2.42,2.41,2.40
3.003,2.42,2.44,2.41,2.40
3.007,2.41,2.43,2.39,2.40
3.011,2.41,2.45,2.38,2.40
3.016,2.40,2.45,2.37,2.40
3.020,2.43,2.44,2.39,2.40
3.024,2.44,2.45,2.40,2.40
3.028,2.39,2.44,2.35,2.40
3.032,2.40,2.44,2.39,2.40
3.036,2.40,2.44,2.41,2.40
3.041,2.39,2.45,2.39,2.40
3.045,2.40,2.42,2.39,2.41
3.049,2.40,2.45,2.39,2.40
3.053,2.40,2.43,2.40,2.40
3.060,2.43,2.45,2.39,2.40
3.065,2.42,2.45,2.39,2.40
3.069,2.43,2.44,2.39,2.40
3.073,2.42,2.44,2.39,2.40
3.077,2.38,2.42,2.46,2.40
3.081,2.40,2.43,2.39,2.40
3.085,2.39,2.44,2.41,2.40
3.090,2.42,2.43,2.39,2.40
3.094,2.42,2.44,2.42,2.40
3.098,2.40,2.45,2.42,2.40
3.102,2.39,2.42,2.41,2.40
3.106,2.41,2.45,2.41,2.40
3.110,2.40,2.45,2.37,2.41
3.114,2.42,2.45,2.34,2.41
3.118,2.40,2.42,2.38,2.40
3.122,2.41,2.43,2.40,2.41
3.130,2.39,2.41,2.39,2.41
3.134,2.40,2.42,2.40,2.40
3.138,2.40,2.44,2.41,2.40
3.142,2.43,2.45,2.40,2.40
3.146,2.40,2.44,2.39,2.40
3.151,2.40,2.42,2.39,2.40
3.155,2.43,2.43,2.41,2.40
3.159,2.40,2.44,2.39,2.40
3.163,2.41,2.43,2.39,2.40
3.168,2.39,2.43,2.41,2.40
3.172,2.39,2.45,2.40,2.40
3.176,2.40,2.42,2.42,2.40
3.179,2.43,2.44,2.39,2.40
3.183,2.39,2.45,2.39,2.40
3.188,2.41,2.44,2.40,2.40
3.195,2.40,2.42,2.38,2.40
3.200,2.40,2.42,2.37,2.41
3.204,2.40,2.43,2.39,2.40
3.208,2.41,2.46,2.41,2.40
3.212,2.39,2.46,2.38,2.40
3.216,2.42,2.41,2.36,2.40
3.220,2.41,2.44,2.43,2.40
3.225,2.42,2.47,2.41,2.40
3.229,2.40,2.41,2.39,2.40
3.233,2.40,2.42,2.37,2.41
3.237,2.41,2.44,2.39,2.40
3.241,2.41,2.43,2.38,2.40
3.245,2.41,2.46,2.37,2.40
3.249,2.43,2.43,2.42,2.40
3.253,2.40,2.41,2.39,2.41
3.261,2.39,2.44,2.41,2.40
3.265,2.39,2.43,2.39,2.40
3.270,2.41,2.47,2.40,2.40
3.274,2.42,2.42,2.40,2.40
3.277,2.40,2.41,2.38,2.40
3.282,2.40,2.41,2.39,2.41
3.286,2.41,2.41,2.40,2.40
3.290,2.41,2.43,2.40,2.40
3.295,2.40,2.45,2.39,2.40
3.298,2.40,2.44,2.36,2.40
3.303,2.41,2.44,2.41,2.40
3.306,2.43,2.46,2.39,2.40
3.310,2.41,2.42,2.39,2.40
3.315,2.42,2.45,2.38,2.40
3.319,2.42,2.43,2.40,2.40
3.323,2.41,2.42,2.41,2.40
3.331,2.40,2.41,2.37,2.40
3.335,2.40,2.43,2.45,2.40
3.339,2.41,2.43,2.40,2.41
3.343,2.42,2.45,2.39,2.40
3.347,2.41,2.42,2.39,2.40
3.351,2.39,2.40,2.43,2.40
3.356,2.41,2.41,2.42,2.40
3.361,2.40,2.43,2.39,2.41
3.364,2.39,2.46,2.37,2.40
3.368,2.42,2.42,2.41,2.40
3.372,2.40,2.43,2.40,2.40
3.376,2.40,2.46,2.37,2.41
3.380,2.40,2.44,2.39,2.40
3.384,2.42,2.43,2.39,2.40
3.389,2.44,2.43,2.39,2.41
3.396,2.41,2.42,2.40,2.40
3.400,2.39,2.45,2.41,2.41
3.405,2.43,2.45,2.39,2.40
3.409,2.41,2.44,2.40,2.40
3.413,2.38,2.45,2.38,2.41
3.417,2.41,2.41,2.39,2.41
3.422,2.40,2.44,2.43,2.40
3.426,2.40,2.44,2.41,2.40
3.430,2.41,2.42,2.37,2.41
3.433,2.40,2.41,2.38,2.40
3.438,2.41,2.44,2.40,2.40
3.442,2.42,2.43,2.39,2.40
3.446,2.40,2.40,2.39,2.41
3.450,2.39,2.45,2.39,2.40
3.454,2.41,2.44,2.39,2.40
3.458,2.41,2.46,2.41,2.40
3.466,2.39,2.45,2.39,2.40
3.470,2.39,2.44,2.40,2.40
3.474,2.42,2.43,2.39,2.40
3.478,2.43,2.43,2.41,2.40
3.482,2.41,2.43,2.39,2.40
3.487,2.41,2.43,2.39,2.40
3.491,2.42,2.47,2.40,2.40
3.495,2.40,2.43,2.39,2.41
3.499,2.41,2.43,2.40,2.40
3.503,2.42,2.42,2.40,2.40
3.507,2.42,2.43,2.38,2.40
3.512,2.41,2.42,2.38,2.40
3.515,2.39,2.39,2.42,2.40
3.519,2.42,2.41,2.41,2.40
3.524,2.41,2.43,2.38,2.40
3.531,2.40,2.46,2.36,2.40
3.536,2.41,2.41,2.39,2.40
3.540,2.42,2.44,2.41,2.40
3.544,2.39,2.43,2.40,2.40
3.548,2.41,2.42,2.38,2.40
3.552,2.38,2.46,2.39,2.40
3.556,2.41,2.42,2.40,2.40
3.560,2.39,2.43,2.38,2.40
3.565,2.40,2.43,2.39,2.40
3.569,2.40,2.47,2.39,2.40
3.573,2.40,2.43,2.40,2.41
3.577,2.40,2.43,2.40,2.40
3.581,2.40,2.43,2.39,2.40
3.585,2.41,2.43,2.39,2.40
3.589,2.44,2.42,2.39,2.40
3.593,2.39,2.41,2.38,2.41
3.601,2.41,2.41,2.38,2.40
3.605,2.42,2.42,2.40,2.40
3.609,2.41,2.43,2.41,2.41
3.615,2.41,2.47,2.41,2.40
3.618,2.40,2.41,2.41,2.40
3.622,2.41,2.42,2.38,2.41
3.626,2.41,2.44,2.39,2.40
3.630,2.41,2.44,2.38,2.40
3.634,2.42,2.42,2.42,2.40
3.638,2.42,2.42,2.40,2.40
3.643,2.40,2.41,2.38,2.40
3.647,2.41,2.44,2.38,2.40
3.651,2.40,2.45,2.39,2.40
3.655,2.41,2.44,2.39,2.40
3.659,2.41,2.45,2.40,2.40
3.666,2.42,2.42,2.41,2.40
3.671,2.42,2.42,2.42,2.40
3.675,2.41,2.48,2.40,2.40
3.679,2.41,2.42,2.35,2.41
3.683,2.41,2.41,2.37,2.41
3.687,2.40,2.42,2.40,2.40
3.691,2.42,2.43,2.40,2.40
3.695,2.40,2.49,2.38,2.41
3.700,2.37,2.42,2.39,2.41
3.704,2.42,2.41,2.39,2.40
3.708,2.41,2.44,2.41,2.40
3.712,2.39,2.42,2.41,2.40
3.716,2.42,2.43,2.40,2.40
3.720,2.40,2.43,2.40,2.40
3.724,2.41,2.46,2.39,2.40
3.728,2.41,2.43,2.39,2.40
3.736,2.41,2.41,2.36,2.40
3.740,2.40,2.43,2.40,2.41
3.744,2.43,2.43,2.37,2.41
3.749,2.40,2.44,2.39,2.40
3.753,2.41,2.43,2.44,2.40
3.757,2.42,2.43,2.39,2.40
3.761,2.41,2.42,2.35,2.40
3.765,2.41,2.42,2.38,2.41
3.769,2.40,2.44,2.41,2.40
3.774,2.42,2.49,2.39,2.40
3.778,2.40,2.43,2.39,2.40
3.782,2.40,2.41,2.38,2.41
3.786,2.41,2.43,2.39,2.40
3.790,2.43,2.43,2.40,2.40
3.794,2.42,2.43,2.38,2.40
3.802,2.40,2.43,2.38,2.40
3.806,2.41,2.43,2.42,2.40
3.810,2.41,2.44,2.39,2.40
3.814,2.39,2.43,2.38,2.41
3.818,2.42,2.42,2.39,2.41
3.822,2.42,2.42,2.39,2.40
3.827,2.41,2.41,2.41,2.40
3.831,2.41,2.42,2.40,2.40
3.835,2.41,2.44,2.40,2.40
3.840,2.42,2.43,2.40,2.40
3.843,2.41,2.40,2.43,2.40
3.847,2.40,2.42,2.38,2.40
3.851,2.42,2.44,2.38,2.40
3.855,2.42,2.44,2.38,2.40
3.859,2.41,2.44,2.38,2.41
3.863,2.40,2.42,2.39,2.40
3.871,2.42,2.41,2.39,2.40
3.875,2.41,2.43,2.39,2.40
3.880,2.41,2.47,2.39,2.41
3.884,2.42,2.42,2.36,2.40
3.888,2.42,2.41,2.39,2.40
3.892,2.41,2.43,2.40,2.40
3.896,2.39,2.43,2.38,2.41
3.901,2.41,2.44,2.37,2.40
3.905,2.40,2.43,2.41,2.40
3.908,2.39,2.43,2.40,2.41
3.913,2.41,2.41,2.39,2.40
3.917,2.42,2.42,2.43,2.40
3.921,2.41,2.42,2.40,2.40
3.925,2.42,2.42,2.39,2.40
3.929,2.39,2.45,2.40,2.40
3.937,2.42,2.44,2.39,2.40
3.941,2.42,2.41,2.39,2.41
3.945,2.40,2.43,2.39,2.41
3.949,2.40,2.44,2.40,2.40
3.953,2.41,2.43,2.43,2.40
3.958,2.41,2.44,2.41,2.40
3.962,2.40,2.42,2.36,2.41
3.966,2.39,2.42,2.37,2.40
3.970,2.41,2.42,2.39,2.40
3.974,2.40,2.44,2.40,2.40
3.978,2.40,2.44,2.38,2.41
3.983,2.39,2.41,2.38,2.40
3.986,2.43,2.43,2.40,2.40
3.991,2.42,2.43,2.39,2.40
3.995,2.40,2.42,2.39,2.41
4.002,2.39,2.41,2.39,2.40
4.006,2.39,2.45,2.40,2.40
4.011,2.42,2.45,2.37,2.40
4.015,2.41,2.41,2.39,2.41
4.019,2.41,2.39,2.40,2.40
4.023,2.41,2.43,2.40,2.40
4.027,2.39,2.45,2.38,2.41
4.031,2.41,2.43,2.39,2.40
4.036,2.41,2.41,2.42,2.40
4.039,2.40,2.42,2.40,2.40
4.044,2.41,2.43,2.37,2.40
4.048,2.39,2.43,2.38,2.40
4.052,2.41,2.42,2.39,2.40
4.056,2.42,2.43,2.40,2.40
4.061,2.40,2.46,2.38,2.40
4.064,2.40,2.42,2.39,2.40
4.072,2.42,2.41,2.39,2.40
4.076,2.40,2.42,2.40,2.41
4.080,2.40,2.43,2.39,2.41
4.084,2.40,2.41,2.38,2.40
4.089,2.40,2.44,2.42,2.40
4.093,2.41,2.45,2.39,2.40
4.097,2.40,2.41,2.38,2.40
4.101,2.39,2.45,2.37,2.40
4.105,2.43,2.44,2.39,2.40
4.109,2.40,2.41,2.39,2.41
4.114,2.40,2.42,2.39,2.40
4.118,2.39,2.44,2.43,2.40
4.122,2.42,2.44,2.39,2.40
4.126,2.41,2.43,2.39,2.40
4.130,2.39,2.41,2.39,2.40
4.138,2.40,2.42,2.37,2.40
4.142,2.41,2.43,2.39,2.40
4.146,2.41,2.42,2.38,2.41
4.150,2.39,2.42,2.38,2.40
4.154,2.40,2.43,2.39,2.40
4.158,2.39,2.44,2.39,2.40
4.162,2.40,2.44,2.38,2.40
4.167,2.42,2.40,2.39,2.40
4.171,2.41,2.43,2.39,2.40
4.175,2.42,2.43,2.39,2.40
4.179,2.40,2.42,2.38,2.41
4.183,2.41,2.41,2.40,2.40
4.188,2.42,2.45,2.38,2.40
4.191,2.43,2.43,2.37,2.40
4.195,2.38,2.42,2.39,2.40
4.199,2.40,2.41,2.39,2.40
4.207,2.40,2.45,2.39,2.40
4.211,2.39,2.42,2.39,2.40
4.215,2.41,2.41,2.39,2.40
4.220,2.39,2.43,2.40,2.40
4.224,2.40,2.43,2.38,2.41
4.228,2.42,2.43,2.37,2.40
4.232,2.42,2.40,2.41,2.41
4.236,2.41,2.43,2.40,2.40
4.240,2.41,2.41,2.38,2.40
4.245,2.42,2.40,2.38,2.40
4.249,2.40,2.39,2.39,2.41
4.253,2.40,2.44,2.38,2.40
4.256,2.42,2.45,2.39,2.40
4.261,2.41,2.42,2.39,2.40
4.265,2.39,2.42,2.39,2.40
4.273,2.41,2.44,2.39,2.40
4.277,2.40,2.43,2.40,2.40
4.281,2.40,2.42,2.38,2.41
4.285,2.40,2.44,2.39,2.40
4.289,2.41,2.44,2.39,2.40
4.293,2.41,2.44,2.39,2.41
4.298,2.42,2.43,2.38,2.40
4.302,2.39,2.43,2.38,2.40
4.306,2.41,2.44,2.39,2.40
4.310,2.41,2.46,2.38,2.40
4.314,2.41,2.42,2.38,2.40
4.318,2.41,2.41,2.39,2.40
4.322,2.41,2.42,2.39,2.40
4.326,2.41,2.44,2.39,2.40
4.330,2.41,2.41,2.37,2.40
4.338,2.42,2.43,2.38,2.40
4.342,2.41,2.44,2.39,2.40
4.347,2.39,2.43,2.39,2.40
4.351,2.39,2.42,2.40,2.40
4.355,2.40,2.43,2.38,2.40
4.359,2.41,2.43,2.39,2.40
4.363,2.40,2.42,2.39,2.40
4.367,2.40,2.42,2.40,2.40
4.371,2.41,2.43,2.39,2.41
4.376,2.40,2.43,2.39,2.41
4.380,2.40,2.42,2.39,2.40
4.384,2.42,2.41,2.39,2.40
4.388,2.40,2.42,2.40,2.40
4.392,2.40,2.42,2.41,2.40
4.396,2.41,2.44,2.38,2.40
4.401,2.41,2.41,2.40,2.40
4.408,2.41,2.42,2.39,2.40
4.412,2.40,2.43,2.38,2.40
4.416,2.41,2.42,2.39,2.41
4.420,2.41,2.43,2.39,2.40
4.424,2.42,2.43,2.40,2.40
4.429,2.40,2.43,2.38,2.40
4.433,2.39,2.41,2.37,2.40
4.437,2.40,2.42,2.39,2.41
4.441,2.44,2.46,2.39,2.40
4.445,2.40,2.42,2.40,2.41
4.449,2.40,2.40,2.38,2.41
4.454,2.41,2.43,2.38,2.40
4.458,2.41,2.45,2.40,2.40
4.462,2.40,2.44,2.40,2.40
4.466,2.40,2.41,2.39,2.40
4.474,2.40,2.42,2.38,2.41
4.478,2.40,2.41,2.42,2.41
4.482,2.39,2.42,2.39,2.41
4.486,2.40,2.46,2.38,2.40
4.490,2.41,2.42,2.39,2.40
4.494,2.40,2.42,2.38,2.41
4.498,2.39,2.42,2.39,2.40
4.503,2.41,2.43,2.39,2.40
4.507,2.40,2.43,2.39,2.40
4.511,2.42,2.42,2.37,2.40
4.515,2.41,2.41,2.38,2.40
4.519,2.40,2.43,2.40,2.41
4.523,2.41,2.43,2.40,2.40
4.527,2.41,2.42,2.39,2.41
4.531,2.40,2.42,2.37,2.40
4.539,2.39,2.45,2.39,2.40
4.543,2.41,2.45,2.40,2.40
4.547,2.41,2.41,2.38,2.40
4.551,2.39,2.40,2.39,2.40
4.555,2.41,2.42,2.39,2.41
4.560,2.41,2.44,2.38,2.40
4.564,2.40,2.42,2.39,2.40
4.568,2.46,2.41,2.38,2.40
4.573,2.39,2.42,2.39,2.40
4.576,2.39,2.42,2.41,2.40
4.580,2.40,2.41,2.38,2.40
4.584,2.43,2.45,2.41,2.40
4.589,2.42,2.42,2.40,2.40
4.592,2.39,2.40,2.39,2.40
4.597,2.40,2.41,2.38,2.41
4.601,2.42,2.44,2.39,2.40
4.609,2.40,2.44,2.40,2.40
4.613,2.41,2.43,2.39,2.40
4.617,2.38,2.41,2.39,2.40
4.621,2.40,2.43,2.39,2.40
4.625,2.40,2.45,2.40,2.40
4.629,2.41,2.41,2.39,2.40
4.635,2.38,2.41,2.38,2.41
4.638,2.41,2.42,2.39,2.40
4.642,2.42,2.44,2.40,2.40
4.646,2.41,2.42,2.39,2.40
4.650,2.40,2.40,2.39,2.40
4.654,2.41,2.43,2.39,2.40
4.659,2.40,2.44,2.39,2.40
4.662,2.40,2.42,2.39,2.40
4.667,2.41,2.40,2.40,2.41
4.674,2.40,2.41,2.40,2.40
4.678,2.40,2.43,2.37,2.40
4.682,2.40,2.41,2.39,2.40
4.687,2.42,2.42,2.40,2.40
4.691,2.40,2.43,2.41,2.40
4.695,2.38,2.43,2.39,2.41
4.699,2.39,2.42,2.38,2.40
4.703,2.40,2.43,2.39,2.40
4.707,2.42,2.44,2.39,2.40
4.712,2.41,2.42,2.39,2.40
4.716,2.40,2.41,2.38,2.41
4.720,2.40,2.42,2.40,2.40
4.724,2.41,2.44,2.41,2.40
4.728,2.40,2.42,2.41,2.40
4.732,2.40,2.41,2.39,2.41
4.737,2.40,2.44,2.40,2.40
4.744,2.42,2.44,2.39,2.40
4.748,2.40,2.42,2.39,2.40
4.752,2.39,2.42,2.40,2.40
4.756,2.40,2.43,2.40,2.40
4.760,2.40,2.43,2.39,2.40
4.765,2.40,2.43,2.39,2.40
4.769,2.40,2.42,2.41,2.40
4.773,2.41,2.42,2.39,2.40
4.777,2.42,2.40,2.39,2.40
4.781,2.40,2.41,2.39,2.40
4.785,2.42,2.42,2.39,2.40
4.789,2.40,2.44,2.40,2.41
4.794,2.41,2.43,2.39,2.40
4.798,2.40,2.41,2.39,2.40
4.802,2.41,2.43,2.40,2.40
4.809,2.42,2.42,2.40,2.40
4.814,2.41,2.41,2.40,2.40
4.818,2.39,2.42,2.39,2.41
4.822,2.41,2.42,2.40,2.40
4.826,2.42,2.44,2.39,2.40
4.830,2.40,2.42,2.39,2.40
4.834,2.39,2.39,2.40,2.41
4.838,2.42,2.42,2.40,2.40
4.843,2.39,2.46,2.40,2.40
4.847,2.41,2.42,2.39,2.41
4.851,2.40,2.41,2.40,2.41
4.855,2.41,2.42,2.40,2.40
4.859,2.39,2.43,2.38,2.40
4.863,2.40,2.41,2.39,2.41
4.867,2.43,2.41,2.39,2.40
4.875,2.40,2.44,2.40,2.40
4.879,2.40,2.44,2.38,2.40
4.883,2.41,2.41,2.39,2.40
4.887,2.41,2.42,2.40,2.40
4.891,2.42,2.44,2.40,2.40
4.896,2.39,2.42,2.39,2.40
4.900,2.40,2.41,2.39,2.40
4.904,2.41,2.42,2.40,2.40
4.908,2.41,2.44,2.40,2.40
4.912,2.40,2.42,2.39,2.40
4.916,2.39,2.41,2.39,2.40
4.920,2.41,2.42,2.40,2.41
4.924,2.40,2.43,2.41,2.40
4.929,2.39,2.42,2.39,2.40
4.933,2.40,2.42,2.39,2.41
4.937,2.40,2.42,2.40,2.40
4.945,2.41,2.43,2.39,2.41
4.949,2.41,2.42,2.39,2.40
4.953,2.41,2.41,2.40,2.40
4.957,2.40,2.42,2.40,2.40
4.961,2.40,2.42,2.42,2.40
4.965,2.39,2.41,2.39,2.41
4.970,2.40,2.42,2.41,2.40
4.974,2.40,2.42,2.39,2.41
4.978,2.40,2.42,2.39,2.40
4.982,2.38,2.41,2.39,2.40
4.986,2.41,2.42,2.41,2.40
4.990,2.42,2.43,2.40,2.40
4.994,2.40,2.42,2.40,2.41
4.998,2.39,2.42,2.39,2.41
5.002,2.40,2.42,2.40,2.40
5.010,2.40,2.44,2.40,2.40
5.014,2.40,2.41,2.39,2.40
5.018,2.41,2.41,2.39,2.41
5.022,2.42,2.43,2.40,2.40
5.027,2.40,2.42,2.40,2.40
5.031,2.39,2.42,2.40,2.40
5.035,2.41,2.40,2.41,2.40
5.039,2.40,2.42,2.40,2.40
5.043,2.40,2.42,2.39,2.41
5.047,2.40,2.41,2.40,2.41
5.051,2.42,2.41,2.42,2.41
5.056,2.40,2.42,2.40,2.40
5.060,2.41,2.42,2.39,2.40
5.064,2.40,2.42,2.39,2.40
5.068,2.39,2.42,2.41,2.41
5.075,2.41,2.42,2.41,2.40
5.080,2.41,2.41,2.40,2.41
5.084,2.39,2.41,2.40,2.40
5.088,2.40,2.42,2.41,2.40
5.092,2.42,2.44,2.40,2.40
5.096,2.40,2.42,2.40,2.40
5.100,2.41,2.40,2.39,2.40
5.104,2.40,2.42,2.40,2.41
5.109,2.43,2.44,2.39,2.40
5.113,2.40,2.41,2.40,2.40
5.117,2.40,2.40,2.40,2.41
5.121,2.40,2.42,2.40,2.40
5.125,2.41,2.41,2.40,2.40
5.129,2.41,2.42,2.40,2.40
5.133,2.40,2.40,2.39,2.40
5.137,2.41,2.42,2.41,2.40
5.145,2.39,2.43,2.40,2.40
5.149,2.39,2.41,2.41,2.40
5.153,2.39,2.42,2.41,2.40
5.157,2.40,2.42,2.41,2.40
5.162,2.40,2.43,2.38,2.40
5.166,2.42,2.42,2.40,2.40
5.170,2.40,2.43,2.41,2.40
5.174,2.41,2.43,2.41,2.40
5.179,2.39,2.41,2.40,2.41
5.182,2.38,2.41,2.41,2.41
5.187,2.40,2.41,2.41,2.40
5.191,2.42,2.43,2.41,2.40
5.195,2.41,2.43,2.40,2.41
5.199,2.41,2.40,2.40,2.41
5.203,2.40,2.42,2.42,2.40
5.211,2.41,2.44,2.41,2.40
5.215,2.40,2.42,2.42,2.40
5.219,2.42,2.39,2.41,2.40
5.223,2.40,2.42,2.40,2.41
5.227,2.38,2.43,2.40,2.41
5.231,2.39,2.41,2.40,2.41
5.235,2.40,2.40,2.42,2.40
5.239,2.41,2.42,2.41,2.40
5.245,2.41,2.43,2.40,2.40
5.248,2.39,2.41,2.41,2.40
5.252,2.41,2.43,2.40,2.40
5.256,2.40,2.42,2.42,2.40
5.260,2.39,2.42,2.42,2.40
5.264,2.40,2.41,2.40,2.40
5.268,2.40,2.42,2.42,2.40
5.273,2.41,2.44,2.40,2.40
5.280,2.39,2.41,2.40,2.40
5.284,2.41,2.41,2.39,2.41
5.288,2.43,2.42,2.41,2.40
5.293,2.39,2.42,2.43,2.40
5.297,2.39,2.41,2.41,2.40
5.301,2.38,2.41,2.40,2.40
5.305,2.41,2.42,2.41,2.40
5.310,2.40,2.44,2.41,2.40
5.313,2.39,2.41,2.41,2.40
5.317,2.41,2.42,2.41,2.40
5.322,2.40,2.42,2.42,2.40
5.326,2.38,2.43,2.40,2.40
5.330,2.40,2.41,2.40,2.40
5.334,2.40,2.39,2.43,2.40
5.338,2.42,2.42,2.41,2.40
5.342,2.38,2.42,2.41,2.40
5.350,2.39,2.41,2.41,2.40
5.354,2.38,2.41,2.42,2.40
5.358,2.41,2.43,2.42,2.40
5.362,2.40,2.41,2.41,2.40
5.367,2.37,2.40,2.42,2.41
5.371,2.41,2.42,2.41,2.40
5.375,2.41,2.43,2.42,2.40
5.379,2.39,2.41,2.42,2.40
5.383,2.39,2.40,2.42,2.41
5.387,2.40,2.42,2.42,2.40
5.392,2.41,2.42,2.42,2.40
5.395,2.40,2.41,2.41,2.40
5.400,2.39,2.41,2.41,2.40
5.404,2.39,2.42,2.43,2.41
5.408,2.39,2.43,2.41,2.40
5.415,2.40,2.41,2.40,2.40
5.420,2.39,2.40,2.43,2.40
5.424,2.40,2.42,2.41,2.40
5.428,2.39,2.42,2.42,2.40
5.432,2.41,2.41,2.41,2.40
5.436,2.39,2.42,2.42,2.40
5.440,2.40,2.41,2.42,2.40
5.444,2.39,2.41,2.43,2.41
5.448,2.39,2.41,2.41,2.40
5.453,2.40,2.41,2.42,2.40
5.457,2.42,2.43,2.42,2.40
5.461,2.39,2.42,2.42,2.40
5.465,2.38,2.41,2.41,2.41
5.470,2.40,2.42,2.42,2.40
5.473,2.41,2.43,2.41,2.40
5.478,2.40,2.42,2.41,2.41
5.485,2.40,2.38,2.41,2.40
5.489,2.39,2.41,2.42,2.40
5.493,2.40,2.42,2.42,2.40
5.497,2.40,2.41,2.41,2.41
5.502,2.41,2.40,2.42,2.41
5.506,2.41,2.43,2.42,2.40
5.510,2.43,2.42,2.43,2.40
5.514,2.39,2.42,2.41,2.41
5.518,2.40,2.42,2.41,2.40
5.522,2.42,2.42,2.42,2.40
5.527,2.39,2.42,2.42,2.40
5.531,2.39,2.40,2.41,2.40
5.534,2.39,2.41,2.43,2.40
5.539,2.42,2.41,2.42,2.40
5.543,2.40,2.41,2.41,2.41
5.550,2.39,2.40,2.42,2.40
5.555,2.40,2.41,2.42,2.40
5.559,2.40,2.43,2.43,2.40
5.563,2.39,2.41,2.42,2.40
5.567,2.39,2.40,2.41,2.41
5.571,2.38,2.42,2.42,2.40
5.575,2.47,2.42,2.42,2.40
5.580,2.41,2.41,2.42,2.40
5.584,2.39,2.39,2.42,2.41
5.588,2.41,2.41,2.43,2.40
5.592,2.40,2.41,2.44,2.40
5.596,2.39,2.40,2.42,2.40
5.600,2.40,2.42,2.43,2.41
5.604,2.40,2.42,2.43,2.40
5.608,2.41,2.39,2.43,2.41
5.612,2.42,2.41,2.42,2.40
5.620,2.40,2.40,2.43,2.40
5.624,2.39,2.42,2.43,2.40
5.629,2.39,2.41,2.42,2.40
5.633,2.39,2.40,2.42,2.41
5.637,2.42,2.39,2.43,2.40
5.641,2.41,2.41,2.44,2.40
5.645,2.40,2.40,2.41,2.41
5.649,2.39,2.40,2.41,2.41
5.653,2.39,2.43,2.43,2.40
5.657,2.41,2.42,2.44,2.40
5.663,2.40,2.42,2.42,2.41
5.666,2.39,2.39,2.41,2.40
5.670,2.40,2.41,2.43,2.41
5.674,2.42,2.42,2.43,2.40
5.678,2.41,2.40,2.41,2.40
5.686,2.38,2.40,2.43,2.40
5.690,2.41,2.41,2.43,2.41
5.694,2.39,2.42,2.41,2.40
5.698,2.40,2.42,2.42,2.40
5.702,2.40,2.39,2.44,2.41
5.706,2.43,2.41,2.43,2.40
5.710,2.41,2.41,2.43,2.40
5.715,2.38,2.40,2.42,2.40
5.719,2.41,2.41,2.43,2.41
5.723,2.41,2.42,2.43,2.40
5.727,2.40,2.43,2.41,2.40
5.731,2.40,2.40,2.42,2.40
5.735,2.39,2.40,2.43,2.40
5.740,2.40,2.42,2.44,2.40
5.744,2.39,2.41,2.42,2.41
5.748,2.38,2.40,2.42,2.40
5.755,2.40,2.41,2.43,2.40
5.760,2.43,2.42,2.43,2.40
5.764,2.40,2.41,2.42,2.40
5.768,2.42,2.39,2.41,2.41
5.772,2.39,2.41,2.43,2.40
5.776,2.39,2.42,2.42,2.40
5.780,2.41,2.40,2.42,2.40
5.784,2.39,2.39,2.42,2.40
5.789,2.41,2.41,2.42,2.40
5.793,2.39,2.42,2.43,2.40
5.797,2.41,2.40,2.42,2.40
5.801,2.40,2.41,2.43,2.40
5.805,2.41,2.41,2.43,2.40
5.809,2.40,2.41,2.42,2.40
5.813,2.39,2.40,2.43,2.40
5.821,2.41,2.41,2.42,2.40
5.825,2.41,2.40,2.43,2.40
5.829,2.38,2.41,2.42,2.40
5.833,2.39,2.41,2.41,2.40
5.838,2.40,2.41,2.44,2.40
5.842,2.43,2.43,2.43,2.40
5.846,2.41,2.40,2.42,2.41
5.850,2.39,2.39,2.40,2.41
5.855,2.41,2.41,2.44,2.40
5.858,2.40,2.42,2.44,2.40
5.862,2.40,2.41,2.41,2.41
5.866,2.39,2.39,2.42,2.40
5.871,2.42,2.41,2.42,2.40
5.875,2.43,2.41,2.42,2.40
5.879,2.39,2.40,2.42,2.41
5.883,2.42,2.39,2.42,2.40
5.891,2.41,2.41,2.44,2.40
5.895,2.40,2.39,2.42,2.40
5.899,2.40,2.40,2.42,2.40
5.903,2.40,2.39,2.44,2.40
5.907,2.41,2.41,2.43,2.40
5.911,2.40,2.40,2.42,2.41
5.916,2.41,2.40,2.43,2.41
5.920,2.40,2.42,2.43,2.40
5.923,2.40,2.41,2.43,2.40
5.928,2.39,2.40,2.43,2.40
5.932,2.39,2.39,2.41,2.40
5.936,2.41,2.40,2.44,2.40
5.940,2.41,2.42,2.44,2.40
5.944,2.40,2.40,2.42,2.41
5.948,2.39,2.38,2.43,2.40
5.956,2.41,2.40,2.44,2.40
5.960,2.41,2.41,2.43,2.40
5.964,2.40,2.39,2.42,2.41
5.968,2.38,2.39,2.43,2.40
5.973,2.41,2.40,2.43,2.40
5.977,2.38,2.43,2.43,2.40
5.981,2.40,2.40,2.42,2.41
5.985,2.40,2.39,2.43,2.41
5.989,2.41,2.40,2.44,2.40
5.993,2.41,2.42,2.42,2.40
5.998,2.41,2.39,2.41,2.41
6.002,2.43,2.39,2.44,2.41
6.006,2.41,2.40,2.43,2.40
6.010,2.40,2.40,2.43,2.41
6.014,2.40,2.40,2.41,2.40
6.018,2.41,2.41,2.44,2.40
6.026,2.41,2.43,2.44,2.40
6.030,2.40,2.40,2.42,2.41
6.034,2.40,2.39,2.41,2.40
6.038,2.41,2.40,2.43,2.40
6.042,2.41,2.42,2.44,2.40
6.047,2.41,2.39,2.42,2.40
6.050,2.39,2.38,2.41,2.41
6.054,2.41,2.40,2.43,2.40
6.058,2.42,2.41,2.43,2.40
6.063,2.40,2.39,2.42,2.40
6.067,2.40,2.38,2.43,2.41
6.071,2.41,2.40,2.44,2.40
6.076,2.39,2.42,2.42,2.40
6.080,2.40,2.39,2.43,2.41
6.083,2.41,2.39,2.45,2.41
6.091,2.40,2.40,2.44,2.40
6.095,2.45,2.42,2.41,2.41
6.100,2.40,2.39,2.42,2.40
6.104,2.42,2.39,2.42,2.40
6.109,2.41,2.40,2.43,2.40
6.112,2.40,2.40,2.42,2.41
6.116,2.41,2.38,2.40,2.40
6.120,2.41,2.39,2.44,2.40
6.124,2.43,2.41,2.44,2.40
6.128,2.41,2.39,2.42,2.41
6.133,2.40,2.37,2.42,2.41
6.137,2.42,2.39,2.44,2.40
6.141,2.42,2.42,2.44,2.40
6.145,2.41,2.39,2.42,2.40
6.149,2.39,2.39,2.43,2.40
6.153,2.41,2.39,2.43,2.40
6.161,2.42,2.41,2.43,2.41
6.165,2.41,2.39,2.42,2.40
6.169,2.41,2.38,2.43,2.40
6.173,2.42,2.39,2.43,2.41
6.178,2.40,2.41,2.44,2.41
6.182,2.40,2.39,2.42,2.40
6.186,2.42,2.39,2.42,2.40
6.190,2.41,2.39,2.43,2.40
6.194,2.39,2.40,2.43,2.40
6.198,2.40,2.39,2.42,2.40
6.203,2.42,2.39,2.44,2.40
6.207,2.42,2.39,2.44,2.40
6.211,2.40,2.39,2.42,2.40
6.215,2.39,2.36,2.43,2.40
6.219,2.41,2.39,2.43,2.40
6.226,2.41,2.41,2.44,2.40
6.231,2.40,2.39,2.43,2.41
6.235,2.39,2.37,2.42,2.40
6.239,2.42,2.39,2.44,2.40
6.243,2.42,2.39,2.44,2.40
6.247,2.40,2.39,2.43,2.40
6.251,2.40,2.37,2.42,2.41
6.256,2.42,2.39,2.44,2.40
6.260,2.41,2.40,2.42,2.40
6.264,2.41,2.38,2.42,2.40
6.268,2.42,2.40,2.42,2.40
6.272,2.41,2.38,2.44,2.40
6.276,2.41,2.39,2.44,2.40
6.280,2.40,2.38,2.42,2.40
6.284,2.39,2.39,2.43,2.41
6.292,2.41,2.39,2.43,2.40
6.296,2.42,2.38,2.43,2.40
6.300,2.40,2.38,2.42,2.40
6.304,2.40,2.38,2.43,2.40
6.309,2.43,2.39,2.45,2.40
6.312,2.40,2.38,2.43,2.40
6.317,2.40,2.37,2.41,2.40
6.321,2.41,2.38,2.44,2.40
6.325,2.41,2.39,2.44,2.40
6.329,2.40,2.38,2.42,2.40
6.333,2.40,2.35,2.43,2.41
6.338,2.41,2.38,2.44,2.40
6.342,2.42,2.39,2.44,2.41
6.346,2.39,2.38,2.43,2.41
6.350,2.41,2.36,2.44,2.40
6.354,2.41,2.39,2.43,2.40
6.362,2.41,2.36,2.43,2.40
6.366,2.40,2.38,2.42,2.41
6.370,2.41,2.38,2.45,2.40
6.374,2.42,2.39,2.43,2.40
6.378,2.39,2.38,2.43,2.40
6.382,2.40,2.38,2.43,2.41
6.386,2.42,2.36,2.43,2.40
6.390,2.41,2.39,2.44,2.40
6.395,2.40,2.38,2.42,2.41
6.399,2.40,2.37,2.41,2.40
6.403,2.41,2.38,2.44,2.40
6.407,2.43,2.39,2.45,2.40
6.411,2.41,2.38,2.42,2.40
6.415,2.40,2.36,2.42,2.40
6.419,2.41,2.38,2.44,2.40
6.427,2.43,2.39,2.42,2.40
6.431,2.40,2.38,2.43,2.40
6.435,2.39,2.37,2.43,2.40
6.440,2.41,2.39,2.43,2.41
6.444,2.42,2.39,2.43,2.41
6.448,2.41,2.38,2.42,2.40
6.452,2.40,2.37,2.44,2.40
6.456,2.41,2.39,2.44,2.40
6.461,2.43,2.37,2.42,2.40
6.465,2.41,2.37,2.42,2.40
6.468,2.40,2.37,2.44,2.41
6.473,2.41,2.39,2.43,2.40
6.476,2.41,2.38,2.43,2.40
6.481,2.40,2.38,2.42,2.40
6.485,2.43,2.39,2.43,2.41
6.493,2.43,2.39,2.44,2.40
6.497,2.41,2.38,2.42,2.41
6.501,2.41,2.35,2.42,2.40
6.505,2.41,2.38,2.43,2.40
6.509,2.44,2.39,2.45,2.40
6.513,2.41,2.38,2.41,2.40
6.517,2.39,2.37,2.41,2.40
6.522,2.42,2.39,2.43,2.40
6.526,2.42,2.39,2.44,2.40
6.530,2.40,2.37,2.42,2.41
6.534,2.39,2.37,2.43,2.41
6.538,2.41,2.38,2.44,2.40
6.542,2.39,2.39,2.43,2.41
6.546,2.40,2.38,2.42,2.41
6.551,2.40,2.37,2.43,2.41
6.555,2.42,2.39,2.43,2.40
6.562,2.39,2.39,2.42,2.40
6.566,2.40,2.38,2.42,2.40
6.571,2.41,2.39,2.43,2.40
6.574,2.41,2.39,2.43,2.40
6.579,2.40,2.38,2.42,2.40
6.583,2.40,2.37,2.42,2.40
6.588,2.41,2.39,2.44,2.40
6.591,2.43,2.40,2.43,2.40
6.595,2.41,2.39,2.42,2.40
6.599,2.41,2.37,2.41,2.40
6.603,2.41,2.39,2.43,2.40
6.608,2.41,2.40,2.44,2.40
6.612,2.41,2.38,2.42,2.40
6.616,2.41,2.37,2.41,2.40
6.620,2.41,2.39,2.44,2.40
6.628,2.43,2.40,2.41,2.40
6.632,2.41,2.38,2.42,2.41
6.636,2.39,2.40,2.42,2.40
6.640,2.42,2.39,2.43,2.40
6.644,2.43,2.36,2.42,2.40
6.648,2.40,2.38,2.42,2.41
6.653,2.42,2.38,2.41,2.40
6.657,2.41,2.38,2.44,2.40
6.661,2.39,2.39,2.43,2.40
6.665,2.41,2.38,2.42,2.40
6.669,2.42,2.38,2.44,2.40
6.673,2.41,2.39,2.44,2.40
6.678,2.40,2.39,2.43,2.40
6.682,2.39,2.38,2.41,2.40
6.686,2.41,2.39,2.43,2.40
6.690,2.42,2.39,2.43,2.40
6.697,2.41,2.38,2.42,2.40
6.702,2.41,2.37,2.41,2.40
6.705,2.41,2.39,2.44,2.40
6.710,2.43,2.39,2.43,2.40
6.714,2.41,2.38,2.42,2.40
6.719,2.39,2.35,2.43,2.40
6.722,2.41,2.39,2.43,2.40
6.726,2.40,2.40,2.43,2.41
6.730,2.40,2.38,2.42,2.40
6.735,2.41,2.39,2.44,2.40
6.739,2.42,2.38,2.43,2.40
6.743,2.41,2.38,2.43,2.41
6.747,2.41,2.38,2.42,2.40
6.751,2.39,2.38,2.46,2.40
6.755,2.42,2.39,2.44,2.41
6.763,2.41,2.39,2.42,2.41
6.767,2.40,2.38,2.41,2.40
6.771,2.40,2.38,2.44,2.40
6.775,2.44,2.40,2.44,2.40
6.780,2.41,2.38,2.42,2.40
6.784,2.41,2.37,2.41,2.40
6.788,2.41,2.39,2.43,2.40
6.792,2.42,2.40,2.43,2.40
6.796,2.41,2.37,2.42,2.40
6.800,2.39,2.36,2.43,2.40
6.805,2.42,2.38,2.43,2.40
6.808,2.43,2.39,2.44,2.40
6.813,2.40,2.38,2.42,2.40
6.817,2.40,2.38,2.44,2.41
6.821,2.41,2.39,2.43,2.41
6.828,2.42,2.37,2.42,2.40
6.833,2.41,2.38,2.42,2.40
6.837,2.39,2.38,2.43,2.41
6.841,2.42,2.39,2.43,2.40
6.846,2.40,2.40,2.42,2.40
6.849,2.41,2.38,2.42,2.40
6.853,2.42,2.39,2.42,2.40
6.857,2.42,2.39,2.43,2.40
6.862,2.41,2.39,2.42,2.40
6.866,2.41,2.36,2.42,2.41
6.870,2.41,2.39,2.44,2.40
6.874,2.42,2.40,2.44,2.40
6.880,2.40,2.38,2.42,2.41
6.883,2.40,2.37,2.41,2.41
6.886,2.41,2.39,2.44,2.40
6.890,2.43,2.41,2.43,2.40
6.898,2.40,2.38,2.42,2.40
6.902,2.39,2.37,2.43,2.41
6.906,2.41,2.39,2.43,2.40
6.910,2.42,2.40,2.44,2.40
6.915,2.40,2.38,2.42,2.40
6.919,2.39,2.39,2.41,2.40
6.923,2.41,2.39,2.43,2.40
6.927,2.41,2.40,2.41,2.40
6.931,2.40,2.38,2.42,2.40
6.935,2.39,2.38,2.43,2.40
6.939,2.41,2.39,2.43,2.40
6.944,2.42,2.39,2.41,2.40
6.948,2.41,2.38,2.42,2.40
6.952,2.43,2.37,2.43,2.40
6.956,2.42,2.39,2.44,2.40
6.964,2.42,2.38,2.42,2.40
6.968,2.40,2.37,2.41,2.41
6.972,2.42,2.39,2.43,2.40
6.977,2.42,2.38,2.44,2.40
6.980,2.41,2.38,2.41,2.41
6.984,2.40,2.35,2.43,2.40
6.988,2.42,2.38,2.43,2.40
6.993,2.43,2.40,2.43,2.40
6.997,2.40,2.39,2.42,2.41
7.001,2.40,2.37,2.43,2.41
7.005,2.41,2.39,2.43,2.40
7.009,2.43,2.38,2.42,2.40
7.013,2.40,2.37,2.42,2.40
7.017,2.41,2.37,2.44,2.40
7.021,2.42,2.38,2.43,2.41
7.026,2.39,2.38,2.43,2.40
7.033,2.41,2.37,2.42,2.40
7.037,2.39,2.37,2.42,2.40
7.042,2.42,2.39,2.43,2.40
7.046,2.40,2.37,2.41,2.41
7.050,2.41,2.37,2.42,2.40
7.054,2.42,2.39,2.42,2.40
7.058,2.44,2.39,2.43,2.40
7.062,2.41,2.38,2.42,2.40
7.066,2.41,2.36,2.41,2.41
7.071,2.42,2.38,2.43,2.40
7.074,2.43,2.40,2.42,2.40
7.078,2.41,2.37,2.41,2.40
7.083,2.41,2.36,2.40,2.41
7.087,2.42,2.39,2.43,2.40
7.091,2.43,2.39,2.43,2.40
7.099,2.42,2.38,2.41,2.40
7.103,2.41,2.37,2.42,2.40
7.107,2.42,2.39,2.43,2.40
7.111,2.42,2.37,2.44,2.41
7.116,2.41,2.37,2.42,2.40
7.119,2.40,2.37,2.43,2.40
7.124,2.42,2.39,2.43,2.40
7.128,2.42,2.38,2.43,2.40
7.132,2.40,2.38,2.41,2.40
7.136,2.42,2.37,2.42,2.40
7.140,2.42,2.39,2.42,2.40
7.144,2.41,2.39,2.41,2.40
7.148,2.40,2.35,2.41,2.40
7.152,2.41,2.38,2.43,2.40
7.156,2.43,2.39,2.42,2.40
7.160,2.41,2.38,2.42,2.40
7.168,2.39,2.36,2.41,2.40
7.172,2.42,2.38,2.43,2.40
7.177,2.43,2.39,2.44,2.40
7.181,2.41,2.38,2.41,2.41
7.185,2.39,2.36,2.43,2.40
7.189,2.42,2.38,2.44,2.40
7.193,2.41,2.40,2.42,2.40
7.197,2.40,2.38,2.42,2.40
7.201,2.42,2.40,2.42,2.40
7.206,2.42,2.38,2.43,2.40
7.210,2.40,2.40,2.41,2.40
7.214,2.41,2.37,2.41,2.40
7.218,2.41,2.38,2.43,2.40
7.222,2.42,2.38,2.43,2.40
7.226,2.41,2.38,2.43,2.41
7.234,2.41,2.37,2.42,2.40
7.238,2.41,2.39,2.43,2.40
7.242,2.42,2.39,2.44,2.40
7.246,2.40,2.38,2.41,2.41
7.251,2.39,2.37,2.42,2.41
7.255,2.42,2.38,2.43,2.40
7.259,2.42,2.39,2.43,2.40
7.263,2.41,2.38,2.41,2.40
7.267,2.40,2.36,2.41,2.40
7.271,2.41,2.39,2.42,2.40
7.275,2.42,2.40,2.43,2.40
7.279,2.40,2.38,2.41,2.41
7.283,2.40,2.37,2.42,2.40
7.288,2.41,2.39,2.43,2.40
7.292,2.41,2.38,2.42,2.41
7.300,2.41,2.37,2.41,2.40
7.304,2.42,2.37,2.42,2.40
7.308,2.42,2.39,2.43,2.40
7.312,2.41,2.39,2.44,2.40
7.316,2.41,2.37,2.41,2.40
7.320,2.42,2.39,2.44,2.40
7.325,2.42,2.38,2.42,2.40
7.328,2.42,2.39,2.41,2.41
7.333,2.40,2.38,2.40,2.41
7.337,2.41,2.38,2.43,2.40
7.341,2.42,2.39,2.44,2.40
7.345,2.40,2.38,2.42,2.40
7.349,2.40,2.36,2.40,2.41
7.353,2.41,2.38,2.43,2.40
7.358,2.41,2.39,2.43,2.40
7.361,2.41,2.38,2.41,2.40
7.369,2.41,2.38,2.41,2.40
7.373,2.42,2.38,2.42,2.40
7.377,2.42,2.40,2.42,2.40
7.382,2.41,2.38,2.41,2.40
7.386,2.40,2.38,2.41,2.40
7.390,2.42,2.38,2.42,2.41
7.394,2.41,2.38,2.43,2.40
7.398,2.41,2.38,2.42,2.41
7.402,2.39,2.39,2.40,2.41
7.406,2.42,2.39,2.42,2.40
7.411,2.41,2.39,2.41,2.41
7.415,2.40,2.37,2.42,2.40
7.419,2.41,2.39,2.43,2.40
7.423,2.41,2.38,2.45,2.40
7.427,2.41,2.38,2.42,2.40
7.435,2.39,2.35,2.41,2.41
7.439,2.41,2.37,2.43,2.40
7.443,2.43,2.40,2.44,2.40
7.447,2.40,2.38,2.41,2.41
7.451,2.41,2.35,2.41,2.41
7.456,2.41,2.39,2.42,2.40
7.459,2.42,2.39,2.42,2.40
7.464,2.40,2.38,2.41,2.41
7.468,2.40,2.37,2.41,2.41
7.472,2.42,2.38,2.42,2.40
7.476,2.41,2.40,2.41,2.40
7.480,2.41,2.38,2.41,2.40
7.485,2.39,2.39,2.40,2.40
7.489,2.41,2.38,2.42,2.40
7.492,2.40,2.37,2.41,2.40
7.497,2.40,2.38,2.40,2.40
7.504,2.39,2.37,2.43,2.40
7.508,2.41,2.39,2.42,2.40
7.512,2.42,2.37,2.42,2.40
7.517,2.40,2.38,2.41,2.41
7.521,2.43,2.38,2.42,2.41
7.525,2.41,2.39,2.43,2.40
7.529,2.41,2.38,2.41,2.40
7.533,2.40,2.37,2.40,2.40
7.538,2.41,2.38,2.42,2.40
7.542,2.44,2.39,2.42,2.40
7.546,2.43,2.38,2.41,2.40
7.550,2.41,2.36,2.40,2.40
7.554,2.41,2.38,2.43,2.41
7.558,2.41,2.40,2.43,2.40
7.562,2.41,2.37,2.41,2.40
7.570,2.40,2.36,2.40,2.41
7.574,2.42,2.38,2.42,2.40
7.578,2.41,2.38,2.42,2.41
7.582,2.40,2.38,2.41,2.41
7.586,2.41,2.37,2.43,2.40
7.590,2.41,2.39,2.42,2.40
7.594,2.41,2.41,2.42,2.40
7.599,2.40,2.38,2.41,2.40
7.603,2.43,2.37,2.42,2.40
7.607,2.43,2.38,2.42,2.40
7.611,2.40,2.39,2.42,2.40
7.616,2.39,2.37,2.41,2.41
7.619,2.40,2.39,2.43,2.41
7.624,2.43,2.39,2.43,2.40
7.628,2.40,2.37,2.40,2.40
7.632,2.41,2.37,2.40,2.41
7.639,2.42,2.37,2.42,2.40
7.644,2.43,2.40,2.42,2.41
7.648,2.41,2.38,2.40,2.40
7.652,2.39,2.36,2.42,2.41
7.656,2.41,2.38,2.43,2.40
7.660,2.43,2.39,2.43,2.40
7.664,2.42,2.37,2.42,2.40
7.668,2.39,2.39,2.45,2.40
7.673,2.41,2.39,2.43,2.40
7.677,2.40,2.40,2.43,2.40
7.681,2.43,2.38,2.41,2.40
7.685,2.43,2.37,2.42,2.40
7.689,2.41,2.38,2.42,2.40
7.693,2.38,2.39,2.40,2.41
7.697,2.40,2.36,2.41,2.40
7.705,2.39,2.35,2.43,2.40
7.709,2.42,2.37,2.42,2.40
7.713,2.41,2.37,2.41,2.40
7.717,2.42,2.35,2.41,2.41
7.721,2.40,2.37,2.42,2.41
7.726,2.41,2.40,2.42,2.40
7.730,2.42,2.37,2.41,2.40
7.734,2.40,2.37,2.40,2.41
7.738,2.41,2.39,2.43,2.41
7.742,2.43,2.39,2.43,2.40
7.747,2.41,2.37,2.41,2.40
7.750,2.43,2.37,2.39,2.41
7.754,2.45,2.38,2.42,2.40
7.759,2.42,2.38,2.43,2.41
7.763,2.39,2.36,2.42,2.40
7.770,2.40,2.36,2.42,2.40
7.775,2.39,2.38,2.42,2.40
7.779,2.40,2.37,2.39,2.40
7.783,2.42,2.37,2.41,2.40
7.787,2.41,2.35,2.43,2.40
7.791,2.41,2.38,2.43,2.40
7.795,2.41,2.39,2.40,2.40
7.800,2.40,2.37,2.41,2.40
7.803,2.40,2.38,2.42,2.40
7.809,2.43,2.39,2.43,2.40
7.812,2.44,2.39,2.40,2.40
7.816,2.39,2.36,2.41,2.40
7.820,2.39,2.38,2.43,2.40
7.824,2.41,2.39,2.43,2.40
7.828,2.41,2.37,2.40,2.40
7.833,2.40,2.36,2.39,2.41
7.840,2.43,2.39,2.42,2.40
7.844,2.42,2.39,2.41,2.40
7.849,2.40,2.37,2.41,2.40
7.852,2.42,2.38,2.40,2.40
7.857,2.41,2.38,2.42,2.40
7.861,2.42,2.37,2.40,2.41
7.865,2.39,2.37,2.40,2.40
7.869,2.40,2.38,2.41,2.41
7.874,2.42,2.38,2.42,2.40
7.878,2.41,2.38,2.41,2.40
7.882,2.41,2.37,2.41,2.41
7.886,2.41,2.37,2.43,2.40
7.890,2.43,2.37,2.42,2.40
7.894,2.39,2.39,2.42,2.40
7.898,2.41,2.37,2.40,2.40
7.906,2.41,2.38,2.43,2.40
7.910,2.43,2.38,2.43,2.40
7.914,2.39,2.38,2.41,2.40
7.918,2.40,2.35,2.41,2.41
7.922,2.39,2.38,2.43,2.40
7.926,2.43,2.40,2.43,2.40
7.931,2.41,2.37,2.40,2.40
7.936,2.39,2.34,2.41,2.41
7.939,2.39,2.37,2.42,2.41
7.943,2.41,2.38,2.42,2.40
7.947,2.41,2.37,2.41,2.40
7.951,2.40,2.38,2.40,2.40
7.956,2.41,2.38,2.43,2.40
7.959,2.40,2.37,2.42,2.40
7.964,2.40,2.37,2.41,2.40
7.968,2.41,2.37,2.43,2.41
7.975,2.44,2.38,2.41,2.40
7.979,2.43,2.40,2.39,2.40
7.984,2.41,2.38,2.40,2.41
7.988,2.39,2.39,2.42,2.40
7.992,2.40,2.38,2.44,2.41
7.996,2.39,2.37,2.42,2.41
8.000,2.37,2.35,2.41,2.41
8.004,2.39,2.37,2.43,2.41
8.008,2.40,2.39,2.43,2.40
8.013,2.42,2.37,2.40,2.40
8.017,2.41,2.35,2.41,2.40
8.021,2.41,2.38,2.42,2.40
8.025,2.42,2.39,2.42,2.40
8.030,2.44,2.38,2.41,2.40
8.034,2.44,2.36,2.41,2.40
8.041,2.40,2.38,2.42,2.41
8.045,2.40,2.41,2.38,2.41
8.049,2.39,2.37,2.41,2.40
8.053,2.39,2.38,2.41,2.40
8.057,2.44,2.38,2.42,2.40
8.061,2.41,2.39,2.41,2.41
8.066,2.35,2.37,2.41,2.40
8.070,2.39,2.36,2.42,2.40
8.074,2.43,2.38,2.42,2.40
8.078,2.42,2.38,2.40,2.40
8.082,2.40,2.38,2.41,2.40
8.086,2.40,2.38,2.43,2.40
8.090,2.43,2.39,2.42,2.40
8.096,2.45,2.38,2.40,2.41
8.099,2.42,2.37,2.39,2.41
8.106,2.39,2.39,2.42,2.40
8.111,2.39,2.40,2.44,2.40
8.115,2.40,2.37,2.41,2.40
8.119,2.37,2.35,2.39,2.40
8.123,2.41,2.38,2.42,2.40
8.127,2.43,2.39,2.41,2.40
8.131,2.40,2.38,2.40,2.40
8.135,2.43,2.39,2.43,2.40
8.139,2.42,2.38,2.42,2.40
8.144,2.40,2.37,2.42,2.40
8.148,2.41,2.37,2.40,2.40
8.152,2.41,2.39,2.44,2.41
8.157,2.46,2.38,2.42,2.40
8.160,2.41,2.39,2.40,2.41
8.164,2.38,2.37,2.41,2.40
8.168,2.43,2.37,2.42,2.40
8.176,2.42,2.39,2.41,2.41
8.180,2.41,2.38,2.40,2.41
8.184,2.39,2.36,2.39,2.41
8.188,2.44,2.38,2.42,2.40
8.193,2.46,2.39,2.43,2.40
8.197,2.39,2.38,2.41,2.40
8.201,2.39,2.35,2.42,2.41
8.205,2.40,2.38,2.42,2.41
8.209,2.43,2.40,2.41,2.40
8.213,2.39,2.38,2.40,2.40
8.218,2.39,2.37,2.41,2.40
8.221,2.41,2.38,2.42,2.40
8.226,2.43,2.38,2.40,2.40
8.230,2.39,2.38,2.40,2.41
8.234,2.43,2.37,2.42,2.40
8.242,2.42,2.38,2.42,2.40
8.246,2.40,2.38,2.41,2.40
8.250,2.42,2.38,2.40,2.40
8.254,2.40,2.39,2.42,2.40
8.258,2.39,2.39,2.42,2.40
8.262,2.41,2.39,2.39,2.40
8.267,2.43,2.37,2.41,2.40
8.271,2.39,2.38,2.43,2.40
8.275,2.38,2.39,2.43,2.41
8.279,2.40,2.39,2.41,2.40
8.283,2.37,2.36,2.40,2.41
8.287,2.42,2.39,2.42,2.40
8.291,2.42,2.40,2.42,2.40
8.295,2.42,2.38,2.40,2.40
8.299,2.36,2.36,2.40,2.41
8.307,2.43,2.38,2.42,2.40
8.311,2.42,2.39,2.43,2.40
8.315,2.41,2.38,2.40,2.41
8.319,2.40,2.38,2.42,2.41
8.324,2.41,2.39,2.42,2.40
8.328,2.41,2.39,2.40,2.40
8.332,2.43,2.38,2.40,2.40
8.336,2.39,2.38,2.42,2.40
8.340,2.40,2.38,2.43,2.40
8.345,2.44,2.39,2.40,2.40
8.349,2.39,2.38,2.42,2.40
8.353,2.40,2.39,2.41,2.40
8.357,2.42,2.39,2.42,2.40
8.360,2.38,2.38,2.41,2.40
8.364,2.38,2.39,2.39,2.41
8.369,2.42,2.39,2.41,2.40
8.377,2.42,2.40,2.41,2.40
8.381,2.42,2.39,2.41,2.40
8.385,2.39,2.38,2.41,2.40
8.389,2.42,2.39,2.42,2.40
8.393,2.47,2.41,2.42,2.40
8.397,2.41,2.39,2.41,2.40
8.402,2.40,2.37,2.41,2.40
8.406,2.40,2.39,2.42,2.40
8.410,2.42,2.40,2.41,2.40
8.414,2.39,2.39,2.41,2.40
8.418,2.39,2.40,2.41,2.40
8.422,2.41,2.39,2.42,2.40
8.426,2.40,2.39,2.42,2.41
8.431,2.39,2.39,2.40,2.40
8.434,2.39,2.38,2.42,2.40
8.442,2.42,2.39,2.41,2.40
8.446,2.43,2.38,2.41,2.40
8.451,2.41,2.39,2.41,2.40
8.455,2.39,2.39,2.44,2.40
8.459,2.42,2.40,2.43,2.40
8.463,2.42,2.39,2.40,2.40
8.467,2.39,2.39,2.39,2.40
8.471,2.42,2.39,2.42,2.40
8.475,2.43,2.41,2.41,2.40
8.481,2.38,2.40,2.40,2.41
8.483,2.41,2.39,2.39,2.40
8.488,2.41,2.40,2.40,2.40
8.492,2.45,2.40,2.41,2.40
8.496,2.42,2.39,2.41,2.40
8.500,2.41,2.38,2.41,2.41
8.504,2.43,2.40,2.42,2.40
8.512,2.39,2.42,2.39,2.40
8.516,2.40,2.40,2.39,2.40
8.520,2.42,2.39,2.40,2.40
8.524,2.41,2.40,2.41,2.40
8.528,2.41,2.41,2.42,2.40
8.533,2.42,2.39,2.40,2.40
8.537,2.37,2.41,2.41,2.41
8.541,2.41,2.40,2.41,2.41
8.545,2.40,2.41,2.39,2.40
8.549,2.44,2.39,2.40,2.41
8.553,2.40,2.40,2.41,2.41
8.557,2.41,2.42,2.42,2.40
8.561,2.42,2.40,2.40,2.40
8.566,2.39,2.39,2.40,2.40
8.570,2.39,2.39,2.41,2.41
8.577,2.43,2.42,2.42,2.40
8.582,2.40,2.41,2.40,2.40
8.586,2.39,2.39,2.39,2.41
8.590,2.44,2.40,2.41,2.40
8.594,2.46,2.41,2.41,2.40
8.598,2.38,2.40,2.40,2.40
8.602,2.42,2.41,2.40,2.40
8.606,2.42,2.41,2.41,2.40
8.611,2.41,2.39,2.42,2.41
8.614,2.43,2.39,2.40,2.40
8.619,2.41,2.40,2.40,2.41
8.623,2.39,2.40,2.42,2.40
8.627,2.40,2.39,2.40,2.40
8.631,2.39,2.40,2.40,2.41
8.635,2.42,2.40,2.42,2.40
8.643,2.39,2.42,2.41,2.40
8.647,2.39,2.41,2.40,2.41
8.651,2.43,2.39,2.41,2.40
8.655,2.47,2.40,2.42,2.40
8.659,2.38,2.41,2.42,2.40
8.664,2.41,2.41,2.39,2.40
8.668,2.44,2.40,2.39,2.40
8.672,2.34,2.41,2.41,2.40
8.676,2.40,2.43,2.41,2.40
8.680,2.40,2.40,2.41,2.41
8.684,2.39,2.39,2.40,2.41
8.688,2.39,2.41,2.40,2.40
8.692,2.43,2.41,2.39,2.40
8.696,2.41,2.41,2.39,2.40
8.701,2.45,2.39,2.41,2.40
8.705,2.41,2.41,2.40,2.40
8.713,2.50,2.39,2.40,2.40
8.717,2.36,2.40,2.40,2.41
8.721,2.41,2.41,2.42,2.40
8.725,2.41,2.40,2.40,2.41
8.729,2.40,2.40,2.40,2.40
8.733,2.39,2.39,2.40,2.41
8.738,2.40,2.40,2.41,2.40
8.742,2.41,2.41,2.42,2.40
8.746,2.37,2.40,2.40,2.40
8.750,2.42,2.39,2.39,2.40
8.754,2.44,2.41,2.39,2.40
8.758,2.46,2.43,2.40,2.40
8.762,2.43,2.41,2.39,2.40
8.766,2.35,2.39,2.40,2.40
8.772,2.40,2.41,2.42,2.40
8.778,2.40,2.41,2.41,2.40
8.782,2.40,2.40,2.40,2.40
8.786,2.39,2.40,2.40,2.40
8.790,2.40,2.41,2.41,2.40
8.794,2.44,2.39,2.40,2.41
8.799,2.40,2.40,2.40,2.41
8.803,2.41,2.41,2.39,2.40
8.807,2.39,2.41,2.40,2.40
8.811,2.49,2.41,2.38,2.40
8.816,2.38,2.39,2.40,2.40
8.820,2.38,2.40,2.41,2.40
8.823,2.41,2.40,2.41,2.40
8.827,2.40,2.42,2.40,2.40
8.832,2.42,2.40,2.39,2.41
8.836,2.42,2.41,2.39,2.41
8.844,2.44,2.41,2.41,2.40
8.848,2.38,2.41,2.41,2.41
8.852,2.37,2.40,2.39,2.41
8.856,2.44,2.41,2.41,2.40
8.860,2.42,2.42,2.42,2.40
8.864,2.38,2.40,2.40,2.40
8.868,2.39,2.40,2.39,2.41
8.872,2.45,2.42,2.40,2.40
8.877,2.40,2.42,2.40,2.40
8.881,2.42,2.41,2.39,2.40
8.885,2.39,2.40,2.40,2.41
8.889,2.43,2.40,2.40,2.41
8.893,2.43,2.42,2.39,2.41
8.897,2.46,2.40,2.40,2.40
8.901,2.39,2.41,2.43,2.40
8.906,2.38,2.40,2.42,2.41
8.913,2.37,2.41,2.40,2.41
8.918,2.47,2.40,2.38,2.40
8.922,2.37,2.41,2.39,2.40
8.926,2.42,2.41,2.41,2.40
8.930,2.41,2.40,2.40,2.40
8.934,2.39,2.39,2.39,2.41
8.938,2.41,2.41,2.41,2.40
8.942,2.44,2.43,2.41,2.40
8.946,2.40,2.42,2.39,2.40
8.950,2.41,2.40,2.38,2.41
8.955,2.43,2.41,2.39,2.41
8.959,2.41,2.42,2.40,2.40
8.963,2.37,2.42,2.39,2.40
8.967,2.40,2.39,2.39,2.41
8.971,2.44,2.41,2.41,2.40
8.979,2.39,2.41,2.40,2.40
8.983,2.44,2.40,2.39,2.41
8.987,2.38,2.39,2.39,2.41
8.991,2.44,2.41,2.40,2.40
8.995,2.39,2.42,2.40,2.41
9.000,2.40,2.41,2.40,2.41
9.003,2.41,2.41,2.39,2.40
9.008,2.41,2.41,2.39,2.40
9.012,2.41,2.41,2.39,2.41
9.016,2.47,2.42,2.38,2.40
9.020,2.42,2.41,2.41,2.40
9.026,2.39,2.42,2.42,2.40
9.029,2.38,2.41,2.39,2.41
9.032,2.40,2.39,2.38,2.41
9.036,2.38,2.40,2.40,2.41
9.040,2.39,2.44,2.40,2.40
9.048,2.47,2.41,2.39,2.40
9.052,2.38,2.40,2.39,2.41
9.057,2.43,2.41,2.40,2.40
9.061,2.39,2.44,2.39,2.40
9.065,2.41,2.41,2.39,2.40
9.069,2.43,2.40,2.41,2.40
9.073,2.42,2.41,2.39,2.40
9.077,2.39,2.40,2.41,2.41
9.082,2.45,2.40,2.40,2.40
9.086,2.39,2.40,2.40,2.41
9.090,2.44,2.41,2.39,2.40
9.094,2.39,2.42,2.38,2.40
9.098,2.40,2.41,2.39,2.41
9.102,2.40,2.40,2.41,2.41
9.106,2.39,2.41,2.40,2.40
9.114,2.46,2.41,2.39,2.40
9.118,2.42,2.40,2.38,2.40
9.122,2.39,2.42,2.40,2.40
9.126,2.43,2.43,2.40,2.40
9.130,2.44,2.41,2.39,2.40
9.135,2.41,2.39,2.38,2.41
9.139,2.44,2.41,2.39,2.40
9.143,2.36,2.45,2.40,2.40
9.147,2.39,2.41,2.41,2.41
9.152,2.41,2.39,2.40,2.40
9.156,2.40,2.41,2.39,2.40
9.159,2.40,2.43,2.39,2.41
9.163,2.45,2.42,2.39,2.40
9.168,2.38,2.45,2.40,2.41
9.172,2.42,2.41,2.41,2.40
9.179,2.44,2.39,2.39,2.40
9.183,2.36,2.40,2.38,2.41
9.188,2.40,2.40,2.39,2.40
9.192,2.43,2.41,2.39,2.40
9.196,2.42,2.43,2.39,2.40
9.200,2.41,2.40,2.38,2.41
9.204,2.40,2.42,2.39,2.40
9.209,2.40,2.43,2.42,2.40
9.212,2.40,2.42,2.40,2.40
9.217,2.39,2.39,2.39,2.41
9.221,2.41,2.42,2.39,2.40
9.225,2.43,2.43,2.40,2.40
9.229,2.44,2.42,2.38,2.40
9.233,2.40,2.39,2.39,2.40
9.237,2.38,2.42,2.40,2.41
9.245,2.44,2.44,2.39,2.40
9.249,2.41,2.40,2.39,2.40
9.253,2.39,2.40,2.40,2.40
9.257,2.39,2.41,2.40,2.40
9.262,2.42,2.43,2.40,2.40
9.266,2.39,2.41,2.41,2.40
9.270,2.42,2.42,2.39,2.40
9.274,2.42,2.41,2.38,2.40
9.278,2.40,2.42,2.37,2.40
9.283,2.41,2.40,2.39,2.40
9.286,2.40,2.40,2.40,2.40
9.290,2.38,2.41,2.41,2.40
9.294,2.45,2.40,2.38,2.40
9.298,2.40,2.41,2.38,2.41
9.303,2.39,2.41,2.40,2.40
9.307,2.43,2.45,2.40,2.40
9.315,2.40,2.42,2.39,2.40
9.319,2.39,2.40,2.39,2.40
9.323,2.40,2.42,2.40,2.40
9.327,2.42,2.44,2.39,2.40
9.331,2.43,2.42,2.38,2.40
9.335,2.42,2.41,2.38,2.40
9.340,2.45,2.44,2.41,2.40
9.344,2.38,2.41,2.41,2.41
9.348,2.40,2.39,2.41,2.40
9.352,2.38,2.40,2.40,2.41
9.356,2.37,2.43,2.40,2.41
9.360,2.44,2.42,2.39,2.40
9.364,2.42,2.43,2.38,2.40
9.369,2.39,2.42,2.39,2.40
9.372,2.41,2.42,2.39,2.40
9.380,2.44,2.42,2.39,2.40
9.384,2.37,2.42,2.39,2.40
9.388,2.39,2.43,2.42,2.40
9.392,2.41,2.43,2.43,2.40
9.397,2.41,2.42,2.39,2.40
9.401,2.42,2.39,2.39,2.40
9.405,2.41,2.42,2.40,2.40
9.409,2.40,2.44,2.40,2.40
9.413,2.40,2.42,2.39,2.41
9.417,2.41,2.42,2.38,2.40
9.422,2.39,2.44,2.39,2.40
9.426,2.41,2.44,2.42,2.40
9.430,2.44,2.41,2.39,2.40
9.434,2.42,2.41,2.38,2.41
9.438,2.39,2.43,2.39,2.40
9.443,2.43,2.42,2.40,2.40
9.450,2.39,2.42,2.39,2.41
9.454,2.38,2.42,2.40,2.41
9.458,2.45,2.42,2.40,2.40
9.462,2.42,2.43,2.40,2.40
9.466,2.41,2.42,2.39,2.40
9.471,2.40,2.42,2.39,2.40
9.475,2.41,2.42,2.39,2.40
9.479,2.42,2.42,2.39,2.41
9.483,2.39,2.41,2.40,2.40
9.487,2.42,2.43,2.39,2.40
9.491,2.42,2.43,2.40,2.40
9.495,2.39,2.42,2.40,2.41
9.499,2.43,2.41,2.39,2.40
9.504,2.39,2.44,2.40,2.41
9.509,2.47,2.45,2.40,2.40
9.515,2.38,2.42,2.41,2.40
9.519,2.40,2.43,2.39,2.40
9.524,2.42,2.42,2.39,2.40
9.528,2.45,2.43,2.40,2.40
9.532,2.40,2.42,2.40,2.40
9.536,2.41,2.40,2.41,2.40
9.540,2.41,2.43,2.41,2.40
9.544,2.40,2.43,2.38,2.40
9.548,2.39,2.42,2.39,2.40
9.553,2.39,2.45,2.42,2.40
9.557,2.42,2.43,2.41,2.40
9.561,2.43,2.42,2.41,2.40
9.565,2.39,2.42,2.39,2.40
9.569,2.42,2.42,2.39,2.40
9.573,2.43,2.43,2.39,2.40
9.581,2.40,2.42,2.39,2.41
9.585,2.38,2.41,2.39,2.40
9.589,2.46,2.43,2.40,2.40
9.593,2.42,2.45,2.41,2.40
9.597,2.41,2.44,2.39,2.40
9.603,2.42,2.41,2.41,2.40
9.606,2.41,2.43,2.43,2.40
9.610,2.40,2.44,2.41,2.40
9.614,2.44,2.40,2.38,2.40
9.618,2.42,2.40,2.39,2.40
9.622,2.42,2.43,2.41,2.40
9.626,2.41,2.45,2.39,2.40
9.630,2.41,2.42,2.39,2.40
9.635,2.45,2.41,2.41,2.40
9.639,2.40,2.42,2.40,2.40
9.643,2.39,2.44,2.40,2.40
9.650,2.39,2.43,2.39,2.40
9.655,2.41,2.46,2.40,2.40
9.659,2.43,2.44,2.40,2.40
9.663,2.43,2.41,2.40,2.40
9.667,2.40,2.42,2.40,2.40
9.672,2.44,2.44,2.40,2.40
9.675,2.40,2.44,2.41,2.40
9.679,2.42,2.41,2.40,2.40
9.684,2.40,2.42,2.41,2.40
9.688,2.42,2.43,2.40,2.40
9.692,2.41,2.44,2.41,2.40
9.696,2.40,2.43,2.40,2.40
9.700,2.41,2.42,2.39,2.41
9.704,2.43,2.42,2.39,2.40
9.708,2.42,2.44,2.39,2.41
9.712,2.41,2.44,2.40,2.40
9.720,2.40,2.41,2.39,2.40
9.724,2.42,2.43,2.41,2.40
9.728,2.42,2.44,2.38,2.41
9.733,2.42,2.42,2.40,2.40
9.737,2.41,2.41,2.42,2.40
9.741,2.44,2.43,2.41,2.40
9.745,2.42,2.44,2.44,2.40
9.749,2.43,2.43,2.40,2.41
9.753,2.45,2.41,2.37,2.40
9.757,2.40,2.43,2.39,2.40
9.762,2.39,2.43,2.40,2.41
9.766,2.43,2.48,2.40,2.40
9.769,2.41,2.45,2.39,2.40
9.774,2.42,2.44,2.39,2.40
9.778,2.39,2.42,2.40,2.40
9.786,2.41,2.41,2.39,2.41
9.790,2.41,2.48,2.41,2.40
9.794,2.46,2.45,2.39,2.40
9.798,2.40,2.43,2.38,2.40
9.802,2.42,2.41,2.39,2.41
9.806,2.40,2.44,2.41,2.40
9.811,2.42,2.44,2.40,2.40
9.815,2.39,2.42,2.40,2.40
9.819,2.40,2.44,2.38,2.40
9.823,2.43,2.44,2.41,2.40
9.827,2.41,2.44,2.41,2.40
9.831,2.41,2.43,2.40,2.40
9.835,2.42,2.44,2.44,2.40
9.839,2.42,2.45,2.40,2.40
9.844,2.42,2.42,2.37,2.40
9.851,2.41,2.42,2.39,2.40
9.855,2.40,2.43,2.42,2.40
9.860,2.39,2.44,2.40,2.41
9.864,2.42,2.45,2.41,2.40
9.868,2.42,2.40,2.41,2.40
9.872,2.42,2.47,2.39,2.40
9.876,2.41,2.46,2.43,2.40
9.880,2.42,2.43,2.40,2.40
9.884,2.39,2.41,2.41,2.40
9.888,2.43,2.42,2.40,2.40
9.894,2.45,2.44,2.40,2.40
9.897,2.40,2.45,2.41,2.40
9.901,2.41,2.43,2.40,2.40
9.905,2.42,2.44,2.44,2.40
9.909,2.43,2.42,2.42,2.40
9.913,2.40,2.42,2.39,2.40
9.921,2.40,2.45,2.39,2.40
9.925,2.45,2.44,2.40,2.40
9.929,2.45,2.43,2.41,2.40
9.933,2.36,2.40,2.41,2.40
9.937,2.40,2.44,2.40,2.40
9.942,2.40,2.44,2.40,2.40
9.946,2.40,2.46,2.41,2.40
9.950,2.44,2.44,2.41,2.40
9.954,2.40,2.43,2.43,2.40
9.958,2.40,2.45,2.40,2.40
9.962,2.40,2.44,2.40,2.40
9.967,2.40,2.45,2.40,2.41
9.971,2.43,2.45,2.43,2.40
9.974,2.41,2.44,2.43,2.40
9.979,2.41,2.43,2.39,2.41
9.986,2.42,2.42,2.39,2.40
9.990,2.42,2.44,2.39,2.40
9.995,2.41,2.46,2.40,2.40
9.999,2.42,2.42,2.40,2.40
10.003,2.40,2.39,2.42,2.41
10.007,2.42,2.42,2.41,2.40
10.011,2.42,2.46,2.39,2.40
10.015,2.43,2.44,2.41,2.40
10.020,2.43,2.43,2.41,2.40
10.024,2.39,2.43,2.41,2.40
10.027,2.43,2.43,2.40,2.40
10.032,2.42,2.43,2.40,2.40
10.036,2.38,2.44,2.39,2.40
10.040,2.43,2.43,2.39,2.40
10.044,2.41,2.45,2.40,2.40
10.048,2.42,2.46,2.41,2.40
10.056,2.42,2.45,2.42,2.40
10.060,2.40,2.49,2.44,2.40
10.064,2.39,2.44,2.41,2.41
10.068,2.41,2.41,2.39,2.40
10.072,2.40,2.43,2.43,2.40
10.077,2.40,2.44,2.43,2.40
10.081,2.42,2.41,2.39,2.40
10.085,2.41,2.40,2.39,2.41
10.089,2.44,2.44,2.41,2.40
10.093,2.40,2.44,2.39,2.40
10.097,2.43,2.43,2.39,2.40
10.101,2.42,2.44,2.42,2.40
10.106,2.41,2.44,2.40,2.40
10.110,2.40,2.44,2.39,2.40
10.114,2.44,2.43,2.40,2.40
10.121,2.41,2.45,2.45,2.40
10.125,2.40,2.45,2.42,2.40
10.130,2.43,2.42,2.39,2.40
10.134,2.41,2.43,2.40,2.40
10.138,2.42,2.43,2.40,2.40
10.142,2.41,2.44,2.39,2.40
10.147,2.41,2.42,2.41,2.40
10.150,2.41,2.42,2.40,2.41
10.155,2.42,2.43,2.41,2.40
10.159,2.40,2.45,2.40,2.40
10.163,2.41,2.49,2.40,2.41
10.167,2.41,2.45,2.38,2.40
10.171,2.42,2.41,2.42,2.40
10.175,2.42,2.41,2.42,2.40
10.180,2.41,2.44,2.40,2.41
10.183,2.41,2.43,2.38,2.40
10.191,2.43,2.47,2.43,2.40
10.195,2.43,2.45,2.42,2.40
10.199,2.40,2.43,2.39,2.41
10.203,2.41,2.41,2.38,2.40
10.207,2.42,2.45,2.40,2.40
10.213,2.42,2.44,2.44,2.40
10.216,2.42,2.41,2.39,2.40
10.220,2.43,2.41,2.39,2.40
10.224,2.44,2.43,2.39,2.40
10.228,2.40,2.43,2.40,2.40
10.233,2.40,2.44,2.39,2.41
10.237,2.42,2.43,2.40,2.40
10.241,2.41,2.46,2.39,2.40
10.245,2.42,2.47,2.40,2.41
10.249,2.40,2.42,2.42,2.40
10.257,2.41,2.42,2.41,2.40
10.261,2.42,2.45,2.41,2.40
10.265,2.41,2.44,2.40,2.40
10.269,2.39,2.44,2.40,2.40
10.273,2.43,2.48,2.40,2.40
10.277,2.43,2.44,2.41,2.40
10.282,2.40,2.41,2.42,2.40
10.285,2.40,2.44,2.42,2.40
10.289,2.41,2.44,2.39,2.40
10.294,2.40,2.45,2.38,2.41
10.298,2.40,2.42,2.41,2.40
10.302,2.41,2.44,2.42,2.40
10.307,2.38,2.42,2.41,2.40
10.310,2.42,2.46,2.43,2.40
10.314,2.42,2.43,2.40,2.41
10.318,2.39,2.42,2.41,2.40
10.326,2.42,2.44,2.39,2.40
10.330,2.45,2.44,2.41,2.40
10.334,2.41,2.43,2.40,2.40
10.339,2.41,2.44,2.40,2.40
10.343,2.42,2.46,2.40,2.40
10.347,2.41,2.44,2.40,2.40
10.351,2.39,2.49,2.45,2.40
10.355,2.42,2.44,2.41,2.40
10.359,2.44,2.42,2.39,2.40
10.364,2.41,2.43,2.39,2.40
10.368,2.41,2.43,2.39,2.41
10.372,2.42,2.44,2.40,2.40
10.376,2.42,2.44,2.40,2.40
10.380,2.41,2.42,2.42,2.40
10.384,2.42,2.43,2.42,2.40
10.392,2.41,2.43,2.39,2.40
10.396,2.41,2.43,2.39,2.41
10.400,2.41,2.44,2.39,2.40
10.404,2.43,2.45,2.39,2.41
10.408,2.44,2.45,2.41,2.40
10.412,2.38,2.46,2.39,2.40
10.417,2.40,2.42,2.39,2.41
10.421,2.40,2.47,2.40,2.40
10.425,2.43,2.43,2.42,2.40
10.429,2.45,2.46,2.41,2.40
10.433,2.39,2.44,2.39,2.41
10.438,2.41,2.41,2.41,2.41
10.442,2.43,2.45,2.41,2.40
10.446,2.41,2.44,2.39,2.40
10.450,2.40,2.42,2.39,2.41
10.457,2.41,2.43,2.40,2.40
10.461,2.43,2.44,2.41,2.40
10.466,2.42,2.41,2.40,2.40
10.470,2.39,2.41,2.40,2.40
10.474,2.40,2.45,2.40,2.41
10.478,2.41,2.46,2.42,2.40
10.482,2.41,2.46,2.43,2.40
10.486,2.43,2.44,2.40,2.40
10.491,2.43,2.43,2.39,2.40
10.495,2.41,2.44,2.40,2.40
10.499,2.40,2.43,2.39,2.41
10.503,2.41,2.46,2.42,2.40
10.507,2.45,2.44,2.39,2.40
10.511,2.42,2.41,2.39,2.41
10.515,2.40,2.42,2.39,2.40
10.519,2.40,2.45,2.40,2.40
10.527,2.42,2.43,2.40,2.40
10.531,2.41,2.44,2.39,2.40
10.535,2.43,2.46,2.39,2.40
10.539,2.41,2.44,2.43,2.40
10.543,2.42,2.42,2.40,2.40
10.548,2.41,2.42,2.39,2.41
10.552,2.39,2.42,2.39,2.41
10.556,2.41,2.43,2.39,2.40
10.560,2.44,2.45,2.40,2.40
10.565,2.41,2.44,2.41,2.40
10.569,2.41,2.42,2.41,2.41
10.572,2.41,2.48,2.41,2.40
10.577,2.41,2.43,2.42,2.40
10.581,2.40,2.40,2.40,2.40
10.585,2.45,2.42,2.37,2.40
10.592,2.42,2.44,2.39,2.40
10.596,2.40,2.43,2.41,2.40
10.601,2.42,2.43,2.39,2.40
10.605,2.40,2.44,2.42,2.40
10.609,2.41,2.47,2.41,2.40
10.613,2.42,2.46,2.37,2.40
10.617,2.41,2.43,2.39,2.41
10.621,2.41,2.41,2.42,2.40
10.626,2.40,2.44,2.40,2.40
10.630,2.42,2.47,2.40,2.40
10.634,2.41,2.44,2.39,2.40
10.638,2.41,2.42,2.41,2.40
10.642,2.42,2.41,2.40,2.40
10.646,2.40,2.44,2.39,2.41
10.650,2.40,2.44,2.39,2.41
10.658,2.42,2.45,2.42,2.40
10.662,2.46,2.45,2.41,2.40
10.666,2.42,2.42,2.40,2.40
10.670,2.41,2.41,2.39,2.40
10.674,2.40,2.44,2.39,2.40
10.678,2.42,2.44,2.37,2.40
10.683,2.42,2.41,2.40,2.40
10.687,2.41,2.42,2.40,2.40
10.691,2.41,2.45,2.40,2.40
10.695,2.42,2.45,2.40,2.40
10.699,2.41,2.46,2.41,2.40
10.704,2.39,2.44,2.42,2.40
10.707,2.41,2.44,2.38,2.40
10.711,2.41,2.43,2.40,2.40
10.716,2.40,2.43,2.41,2.40
10.720,2.42,2.44,2.41,2.40
10.727,2.43,2.43,2.43,2.40
10.732,2.40,2.42,2.40,2.41
10.736,2.41,2.44,2.39,2.40
10.740,2.41,2.44,2.42,2.40
10.744,2.43,2.43,2.41,2.40
10.748,2.39,2.43,2.38,2.41
10.753,2.42,2.42,2.40,2.40
10.757,2.42,2.45,2.41,2.40
10.761,2.41,2.43,2.40,2.41
10.765,2.42,2.43,2.37,2.40
10.769,2.39,2.44,2.41,2.40
10.774,2.41,2.44,2.41,2.40
10.777,2.43,2.44,2.40,2.41
10.781,2.42,2.45,2.38,2.40
10.786,2.42,2.45,2.39,2.41
10.793,2.44,2.42,2.41,2.40
10.797,2.42,2.42,2.39,2.40
10.801,2.40,2.42,2.39,2.41
10.805,2.41,2.45,2.39,2.40
10.810,2.42,2.47,2.39,2.40
10.814,2.41,2.40,2.39,2.41
10.818,2.41,2.39,2.41,2.41
10.822,2.42,2.45,2.42,2.40
10.826,2.43,2.42,2.42,2.40
10.831,2.41,2.42,2.38,2.40
10.835,2.40,2.41,2.38,2.40
10.839,2.41,2.47,2.39,2.40
10.843,2.41,2.45,2.41,2.40
10.847,2.42,2.43,2.41,2.40
10.851,2.40,2.41,2.41,2.40
10.855,2.41,2.45,2.39,2.40
10.863,2.40,2.44,2.38,2.41
10.867,2.41,2.44,2.39,2.40
10.871,2.40,2.45,2.41,2.40
10.875,2.42,2.44,2.40,2.40
10.879,2.41,2.43,2.39,2.40
10.883,2.41,2.46,2.38,2.41
10.888,2.41,2.47,2.42,2.40
10.892,2.42,2.42,2.41,2.40
10.896,2.42,2.42,2.40,2.41
10.900,2.42,2.41,2.38,2.41
10.904,2.41,2.44,2.39,2.40
10.908,2.41,2.46,2.39,2.40
10.912,2.41,2.42,2.40,2.41
10.917,2.39,2.41,2.38,2.41
10.921,2.41,2.44,2.39,2.41
10.928,2.43,2.46,2.40,2.40
10.933,2.41,2.44,2.41,2.40
10.937,2.41,2.43,2.39,2.40
10.941,2.42,2.46,2.40,2.40
10.945,2.41,2.45,2.40,2.40
10.949,2.42,2.43,2.39,2.40
10.953,2.43,2.43,2.39,2.41
10.957,2.42,2.44,2.39,2.40
10.962,2.40,2.43,2.41,2.40
10.966,2.41,2.42,2.40,2.41
10.970,2.42,2.44,2.40,2.41
10.974,2.44,2.49,2.42,2.40
10.978,2.39,2.46,2.39,2.40
10.982,2.41,2.41,2.37,2.40
10.986,2.39,2.41,2.40,2.40
10.990,2.43,2.42,2.42,2.40
10.998,2.41,2.43,2.39,2.40
11.002,2.41,2.42,2.35,2.41
11.006,2.41,2.42,2.40,2.40
11.010,2.40,2.49,2.39,2.41
11.015,2.42,2.45,2.37,2.40
11.019,2.40,2.39,2.38,2.40
11.023,2.41,2.41,2.42,2.40
11.027,2.41,2.47,2.42,2.40
11.031,2.41,2.44,2.42,2.40
11.040,2.40,2.44,2.41,2.40
11.040,2.42,2.43,2.39,2.41
11.043,2.42,2.45,2.38,2.41
11.047,2.41,2.43,2.38,2.40
11.051,2.43,2.41,2.41,2.40
11.056,2.42,2.43,2.41,2.40
11.064,2.43,2.46,2.38,2.40
11.068,2.40,2.43,2.39,2.41
11.072,2.39,2.42,2.42,2.41
11.076,2.42,2.44,2.40,2.40
11.080,2.42,2.44,2.41,2.40
11.084,2.40,2.43,2.40,2.41
11.088,2.41,2.46,2.38,2.40
11.092,2.42,2.44,2.39,2.40
11.097,2.41,2.43,2.39,2.40
11.101,2.42,2.42,2.41,2.40
11.105,2.42,2.43,2.40,2.40
11.110,2.41,2.43,2.40,2.40
11.114,2.41,2.43,2.39,2.41
11.117,2.41,2.41,2.40,2.40
11.121,2.41,2.43,2.40,2.41
11.126,2.40,2.44,2.41,2.40
11.133,2.39,2.45,2.44,2.40
11.137,2.39,2.43,2.40,2.41
11.141,2.43,2.41,2.38,2.40
11.146,2.41,2.41,2.42,2.40
11.149,2.41,2.45,2.39,2.41
11.154,2.40,2.43,2.39,2.40
11.158,2.42,2.42,2.40,2.40
11.162,2.43,2.45,2.39,2.40
11.166,2.41,2.41,2.41,2.40
11.170,2.40,2.42,2.42,2.40
11.176,2.42,2.43,2.40,2.40
11.179,2.39,2.46,2.39,2.40
11.183,2.39,2.41,2.40,2.41
11.187,2.41,2.44,2.39,2.40
11.191,2.42,2.44,2.40,2.40
11.199,2.40,2.42,2.39,2.40
11.203,2.40,2.42,2.39,2.40
11.207,2.41,2.48,2.41,2.40
11.211,2.43,2.47,2.41,2.40
11.215,2.41,2.42,2.40,2.40
11.219,2.41,2.39,2.37,2.41
11.224,2.41,2.47,2.40,2.41
11.228,2.40,2.42,2.38,2.41
11.232,2.41,2.41,2.40,2.40
11.236,2.40,2.43,2.41,2.40
11.240,2.41,2.45,2.41,2.40
11.244,2.41,2.45,2.36,2.40
11.248,2.41,2.42,2.40,2.40
11.252,2.40,2.42,2.41,2.40
11.256,2.41,2.43,2.41,2.40
11.264,2.40,2.42,2.40,2.41
11.268,2.40,2.44,2.36,2.40
11.272,2.41,2.43,2.39,2.41
11.276,2.40,2.43,2.42,2.40
11.281,2.40,2.44,2.40,2.40
11.285,2.40,2.45,2.38,2.41
11.289,2.42,2.44,2.39,2.40
11.293,2.42,2.42,2.42,2.40
11.298,2.41,2.41,2.40,2.41
11.302,2.39,2.40,2.38,2.41
11.306,2.40,2.45,2.41,2.41
11.310,2.43,2.46,2.39,2.40
11.314,2.41,2.41,2.39,2.40
11.318,2.40,2.41,2.40,2.41
11.322,2.41,2.45,2.39,2.41
11.326,2.42,2.45,2.41,2.40
11.334,2.40,2.42,2.39,2.40
11.338,2.40,2.42,2.40,2.40
11.342,2.41,2.44,2.40,2.40
11.346,2.41,2.44,2.40,2.40
11.350,2.43,2.40,2.39,2.40
11.355,2.41,2.41,2.42,2.40
11.359,2.40,2.43,2.39,2.40
11.363,2.42,2.41,2.39,2.40
11.367,2.40,2.43,2.39,2.40
11.371,2.41,2.43,2.40,2.40
11.375,2.43,2.44,2.40,2.40
11.379,2.40,2.44,2.38,2.40
11.383,2.39,2.41,2.38,2.41
11.388,2.41,2.45,2.40,2.40
11.392,2.41,2.47,2.41,2.40
11.399,2.41,2.41,2.39,2.40
11.404,2.39,2.40,2.39,2.41
11.408,2.41,2.43,2.40,2.40
11.412,2.41,2.43,2.39,2.40
11.416,2.40,2.42,2.41,2.40
11.420,2.40,2.43,2.40,2.40
11.424,2.42,2.44,2.39,2.40
11.428,2.39,2.41,2.41,2.40
11.432,2.41,2.42,2.39,2.40
11.436,2.41,2.47,2.42,2.40
11.441,2.41,2.44,2.42,2.40
11.445,2.38,2.41,2.41,2.40
11.449,2.41,2.40,2.39,2.41
11.453,2.42,2.41,2.43,2.40
11.457,2.40,2.43,2.39,2.41
11.461,2.41,2.42,2.38,2.40
11.469,2.40,2.42,2.39,2.40
11.473,2.42,2.45,2.39,2.40
11.477,2.42,2.43,2.39,2.40
11.482,2.42,2.42,2.38,2.40
11.486,2.40,2.40,2.39,2.41
11.490,2.40,2.43,2.43,2.40
11.494,2.43,2.44,2.39,2.40
11.498,2.40,2.41,2.40,2.40
11.502,2.40,2.42,2.41,2.40
11.506,2.41,2.44,2.40,2.40
11.511,2.40,2.43,2.40,2.40
11.515,2.41,2.44,2.40,2.40
11.519,2.41,2.43,2.38,2.40
11.523,2.41,2.43,2.40,2.40
11.527,2.41,2.43,2.40,2.40
11.535,2.42,2.41,2.40,2.40
11.539,2.40,2.43,2.40,2.40
11.543,2.41,2.45,2.42,2.40
11.547,2.41,2.45,2.41,2.40
11.551,2.42,2.42,2.37,2.40
11.555,2.41,2.42,2.41,2.40
11.559,2.41,2.43,2.41,2.40
11.564,2.40,2.43,2.40,2.41
11.567,2.39,2.44,2.40,2.41
11.572,2.42,2.41,2.43,2.40
11.576,2.43,2.43,2.42,2.40
11.580,2.40,2.43,2.37,2.41
11.584,2.39,2.42,2.39,2.40
11.588,2.40,2.44,2.40,2.41
11.592,2.42,2.43,2.40,2.40
11.600,2.42,2.41,2.39,2.40
11.604,2.40,2.42,2.42,2.40
11.608,2.41,2.44,2.41,2.40
11.612,2.40,2.43,2.41,2.40
11.617,2.43,2.42,2.37,2.40
11.621,2.41,2.41,2.41,2.40
11.625,2.41,2.43,2.41,2.40
11.630,2.39,2.44,2.43,2.40
11.633,2.40,2.43,2.39,2.41
11.637,2.40,2.41,2.43,2.41
11.641,2.39,2.43,2.39,2.41
11.646,2.41,2.42,2.39,2.40
11.650,2.41,2.41,2.41,2.40
11.654,2.41,2.43,2.40,2.40
11.658,2.41,2.46,2.40,2.41
11.663,2.41,2.43,2.38,2.40
11.669,2.40,2.42,2.40,2.40
11.674,2.41,2.43,2.41,2.40
11.678,2.43,2.42,2.42,2.40
11.682,2.41,2.41,2.39,2.41
11.686,2.41,2.42,2.38,2.40
11.691,2.41,2.43,2.40,2.40
11.696,2.40,2.43,2.41,2.40
11.699,2.41,2.42,2.39,2.41
11.703,2.41,2.42,2.40,2.40
11.707,2.41,2.43,2.41,2.40
11.711,2.42,2.42,2.39,2.40
11.715,2.40,2.42,2.39,2.40
11.719,2.41,2.45,2.39,2.40
11.723,2.41,2.43,2.40,2.40
11.727,2.42,2.42,2.40,2.41
11.735,2.40,2.42,2.39,2.40
11.739,2.40,2.44,2.39,2.40
11.744,2.40,2.43,2.43,2.40
11.747,2.40,2.42,2.40,2.41
11.752,2.40,2.41,2.39,2.40
11.756,2.41,2.46,2.40,2.40
11.760,2.43,2.42,2.40,2.40
11.764,2.41,2.41,2.39,2.40
11.768,2.40,2.42,2.38,2.40
11.773,2.41,2.43,2.39,2.40
11.777,2.43,2.44,2.40,2.40
11.781,2.41,2.42,2.39,2.41
11.785,2.40,2.42,2.39,2.41
11.789,2.43,2.42,2.39,2.41
11.793,2.41,2.41,2.40,2.41
11.797,2.40,2.43,2.40,2.41
11.805,2.40,2.42,2.41,2.41
11.809,2.41,2.44,2.40,2.40
11.813,2.40,2.43,2.40,2.40
11.817,2.40,2.43,2.39,2.40
11.821,2.40,2.42,2.42,2.40
11.826,2.41,2.40,2.40,2.40
11.830,2.40,2.42,2.40,2.40
11.834,2.40,2.43,2.40,2.40
11.838,2.42,2.43,2.39,2.41
11.842,2.41,2.43,2.42,2.40
11.846,2.42,2.43,2.39,2.40
11.850,2.40,2.42,2.36,2.41
11.854,2.43,2.42,2.40,2.40
11.859,2.41,2.42,2.40,2.40
11.863,2.41,2.41,2.39,2.41
11.870,2.40,2.41,2.37,2.41
11.875,2.41,2.43,2.40,2.40
11.879,2.40,2.44,2.41,2.40
11.883,2.40,2.43,2.42,2.40
11.887,2.41,2.43,2.41,2.40
11.891,2.41,2.43,2.38,2.41
11.895,2.42,2.41,2.38,2.41
11.899,2.40,2.41,2.40,2.41
11.903,2.41,2.45,2.39,2.40
11.908,2.42,2.44,2.40,2.40
11.912,2.41,2.41,2.40,2.41
11.916,2.40,2.41,2.39,2.40
11.921,2.41,2.42,2.40,2.41
11.924,2.42,2.42,2.39,2.40
11.928,2.41,2.42,2.39,2.40
11.932,2.41,2.41,2.39,2.40
11.940,2.42,2.43,2.40,2.40
11.944,2.42,2.43,2.41,2.40
11.948,2.41,2.43,2.39,2.40
11.952,2.42,2.42,2.38,2.40
11.956,2.41,2.43,2.40,2.40
11.961,2.41,2.45,2.39,2.41
11.965,2.40,2.42,2.39,2.41
11.969,2.39,2.42,2.39,2.41
11.973,2.42,2.43,2.39,2.40
11.978,2.41,2.45,2.41,2.40
11.981,2.40,2.41,2.40,2.41
11.985,2.41,2.41,2.40,2.40
11.990,2.41,2.42,2.39,2.40
11.994,2.40,2.41,2.39,2.41
11.998,2.39,2.42,2.39,2.40
12.006,2.40,2.45,2.40,2.40
12.010,2.41,2.43,2.40,2.40
12.014,2.41,2.43,2.38,2.41
12.018,2.39,2.41,2.39,2.41
12.022,2.40,2.42,2.40,2.40
12.026,2.40,2.43,2.41,2.40
12.030,2.40,2.40,2.40,2.40
12.035,2.40,2.42,2.37,2.41
12.039,2.41,2.44,2.40,2.40
12.043,2.41,2.43,2.41,2.40
12.047,2.40,2.41,2.39,2.41
12.051,2.40,2.41,2.39,2.41
12.055,2.41,2.43,2.40,2.41
12.059,2.40,2.45,2.40,2.40
12.063,2.40,2.45,2.39,2.40
12.067,2.41,2.42,2.39,2.40
12.075,2.40,2.41,2.41,2.40
12.079,2.43,2.41,2.39,2.41
12.083,2.40,2.42,2.39,2.40
12.088,2.45,2.41,2.39,2.40
12.092,2.42,2.42,2.41,2.40
12.096,2.42,2.42,2.39,2.40
12.100,2.41,2.42,2.39,2.40
12.104,2.40,2.42,2.39,2.41
12.108,2.40,2.44,2.40,2.41
12.112,2.41,2.45,2.40,2.41
12.117,2.39,2.42,2.39,2.40
12.121,2.41,2.42,2.40,2.40
12.125,2.40,2.42,2.42,2.40
12.129,2.41,2.42,2.39,2.41
12.133,2.39,2.42,2.39,2.40
12.141,2.40,2.42,2.41,2.40
12.145,2.41,2.44,2.42,2.40
12.149,2.40,2.42,2.40,2.40
12.153,2.40,2.40,2.40,2.40
12.157,2.41,2.42,2.40,2.41
12.161,2.41,2.44,2.40,2.41
12.165,2.40,2.44,2.40,2.41
12.169,2.40,2.42,2.39,2.40
12.174,2.41,2.42,2.40,2.40
12.178,2.39,2.41,2.41,2.40
12.182,2.40,2.42,2.39,2.40
12.186,2.42,2.42,2.39,2.40
12.190,2.40,2.43,2.41,2.40
12.195,2.39,2.44,2.40,2.40
12.199,2.40,2.43,2.39,2.41
12.203,2.41,2.41,2.42,2.40
12.210,2.41,2.42,2.40,2.40
12.214,2.40,2.43,2.40,2.41
12.218,2.40,2.41,2.39,2.40
12.223,2.42,2.42,2.40,2.40
12.227,2.42,2.43,2.39,2.40
12.231,2.40,2.41,2.39,2.41
12.235,2.40,2.42,2.39,2.40
12.239,2.40,2.44,2.39,2.41
12.243,2.42,2.45,2.40,2.40
12.247,2.42,2.42,2.39,2.40
12.252,2.40,2.40,2.40,2.40
12.256,2.41,2.42,2.41,2.41
12.260,2.39,2.43,2.40,2.40
12.264,2.40,2.43,2.40,2.40
12.268,2.42,2.40,2.41,2.41
12.276,2.41,2.42,2.39,2.40
12.280,2.41,2.41,2.39,2.40
12.284,2.40,2.42,2.39,2.40
12.288,2.39,2.41,2.41,2.41
12.292,2.41,2.42,2.40,2.40
12.296,2.40,2.43,2.38,2.41
12.301,2.41,2.42,2.39,2.40
12.306,2.43,2.43,2.40,2.41
12.309,2.41,2.42,2.40,2.40
12.313,2.40,2.42,2.40,2.40
12.317,2.38,2.41,2.40,2.40
12.321,2.40,2.42,2.41,2.40
12.325,2.41,2.44,2.40,2.40
12.330,2.41,2.42,2.39,2.41
12.334,2.39,2.41,2.40,2.40
12.341,2.43,2.44,2.40,2.40
12.345,2.43,2.44,2.40,2.40
12.349,2.39,2.42,2.40,2.40
12.354,2.41,2.41,2.39,2.41
12.358,2.42,2.42,2.40,2.40
12.362,2.41,2.41,2.40,2.40
12.366,2.41,2.41,2.39,2.41
12.370,2.39,2.44,2.39,2.41
12.375,2.42,2.42,2.41,2.40
12.379,2.43,2.43,2.39,2.40
12.383,2.39,2.41,2.40,2.40
12.387,2.39,2.41,2.40,2.40
12.391,2.39,2.42,2.40,2.41
12.395,2.40,2.42,2.39,2.40
12.400,2.40,2.41,2.40,2.40
12.404,2.42,2.42,2.41,2.40
12.411,2.43,2.43,2.42,2.40
12.415,2.39,2.44,2.40,2.41
12.419,2.41,2.42,2.39,2.41
12.423,2.41,2.42,2.40,2.40
12.427,2.42,2.45,2.41,2.40
12.432,2.39,2.41,2.39,2.40
12.436,2.40,2.41,2.40,2.40
12.440,2.39,2.41,2.40,2.40
12.444,2.40,2.42,2.40,2.41
12.449,2.39,2.41,2.40,2.40
12.453,2.42,2.42,2.40,2.40
12.457,2.40,2.42,2.41,2.40
12.460,2.39,2.43,2.38,2.40
12.465,2.39,2.42,2.39,2.41
12.468,2.41,2.40,2.41,2.40
12.477,2.41,2.42,2.40,2.40
12.481,2.40,2.40,2.41,2.40
12.485,2.39,2.43,2.39,2.40
12.489,2.39,2.42,2.41,2.40
12.493,2.42,2.43,2.40,2.40
12.498,2.40,2.40,2.41,2.40
12.501,2.40,2.39,2.39,2.41
12.505,2.41,2.42,2.40,2.40
12.509,2.41,2.43,2.40,2.40
12.514,2.41,2.42,2.42,2.40
12.518,2.39,2.40,2.39,2.40
12.522,2.41,2.42,2.40,2.40
12.526,2.40,2.43,2.42,2.40
12.530,2.38,2.43,2.39,2.40
12.534,2.39,2.41,2.41,2.40
12.538,2.42,2.42,2.40,2.40
12.546,2.39,2.41,2.41,2.41
12.550,2.41,2.42,2.39,2.40
12.554,2.42,2.40,2.39,2.40
12.559,2.41,2.42,2.40,2.40
12.563,2.40,2.41,2.42,2.41
12.567,2.40,2.41,2.40,2.41
12.571,2.41,2.43,2.40,2.40
12.575,2.40,2.42,2.41,2.40
12.579,2.39,2.44,2.39,2.40
12.583,2.39,2.41,2.40,2.41
12.588,2.39,2.42,2.40,2.41
12.593,2.40,2.43,2.40,2.40
12.596,2.42,2.42,2.39,2.40
12.600,2.38,2.41,2.39,2.40
12.604,2.41,2.42,2.41,2.40
12.612,2.41,2.42,2.42,2.40
12.616,2.42,2.41,2.39,2.40
12.620,2.39,2.41,2.39,2.41
12.625,2.41,2.42,2.40,2.40
12.628,2.41,2.44,2.41,2.40
12.632,2.39,2.41,2.40,2.41
12.636,2.40,2.44,2.39,2.40
12.641,2.40,2.42,2.41,2.40
12.645,2.40,2.41,2.42,2.41
12.649,2.39,2.41,2.41,2.41
12.654,2.40,2.40,2.41,2.41
12.657,2.40,2.42,2.40,2.41
12.661,2.41,2.42,2.39,2.41
12.666,2.41,2.41,2.39,2.40
12.670,2.40,2.41,2.39,2.40
12.674,2.41,2.42,2.40,2.40
12.681,2.40,2.42,2.39,2.40
12.685,2.40,2.40,2.39,2.41
12.690,2.41,2.42,2.40,2.40
12.694,2.41,2.44,2.41,2.40
12.698,2.40,2.42,2.40,2.41
12.702,2.40,2.39,2.39,2.41
12.706,2.40,2.41,2.41,2.40
12.710,2.42,2.43,2.42,2.40
12.714,2.41,2.41,2.40,2.40
12.719,2.40,2.40,2.39,2.41
12.722,2.41,2.41,2.41,2.41
12.727,2.40,2.41,2.41,2.40
12.731,2.39,2.41,2.40,2.40
12.735,2.41,2.39,2.41,2.41
12.739,2.41,2.42,2.40,2.40
12.747,2.40,2.42,2.40,2.41
12.751,2.40,2.42,2.40,2.40
12.755,2.42,2.40,2.40,2.40
12.759,2.41,2.42,2.41,2.40
12.763,2.41,2.41,2.40,2.41
12.768,2.39,2.42,2.40,2.41
12.772,2.39,2.41,2.42,2.40
12.776,2.39,2.41,2.41,2.40
12.780,2.39,2.42,2.40,2.40
12.785,2.40,2.42,2.39,2.41
12.789,2.41,2.41,2.41,2.40
12.793,2.43,2.43,2.41,2.40
12.796,2.40,2.42,2.39,2.40
12.801,2.42,2.40,2.38,2.40
12.805,2.40,2.41,2.41,2.41
12.812,2.40,2.43,2.42,2.40
12.817,2.39,2.41,2.40,2.41
12.821,2.39,2.39,2.41,2.41
12.825,2.40,2.41,2.41,2.40
12.829,2.39,2.40,2.42,2.40
12.833,2.40,2.41,2.40,2.41
12.837,2.40,2.40,2.40,2.40
12.841,2.41,2.41,2.40,2.40
12.846,2.39,2.41,2.40,2.41
12.850,2.40,2.40,2.40,2.41
12.854,2.40,2.42,2.39,2.40
12.858,2.40,2.42,2.41,2.40
12.862,2.38,2.41,2.40,2.41
12.866,2.41,2.41,2.40,2.40
12.870,2.41,2.41,2.41,2.40
12.875,2.41,2.43,2.42,2.40
12.882,2.40,2.41,2.40,2.40
12.886,2.39,2.42,2.40,2.41
12.890,2.40,2.41,2.41,2.40
12.894,2.39,2.43,2.41,2.40
12.899,2.41,2.42,2.39,2.40
12.903,2.39,2.41,2.40,2.41
12.907,2.39,2.41,2.41,2.40
12.911,2.41,2.42,2.43,2.40
12.915,2.40,2.41,2.40,2.41
12.919,2.43,2.43,2.40,2.40
12.924,2.42,2.42,2.40,2.40
12.928,2.37,2.44,2.41,2.41
12.932,2.39,2.41,2.41,2.40
12.936,2.39,2.40,2.42,2.40
12.940,2.41,2.41,2.41,2.40
12.948,2.36,2.42,2.41,2.41
12.952,2.39,2.41,2.40,2.41
12.956,2.41,2.42,2.40,2.40
12.960,2.41,2.42,2.40,2.40
12.964,2.39,2.41,2.41,2.40
12.968,2.39,2.40,2.41,2.41
12.972,2.40,2.41,2.42,2.40
12.976,2.41,2.42,2.41,2.40
12.980,2.40,2.42,2.41,2.40
12.985,2.39,2.40,2.40,2.41
12.989,2.41,2.41,2.41,2.40
12.993,2.43,2.43,2.42,2.40
12.997,2.40,2.41,2.41,2.41
13.001,2.41,2.40,2.40,2.40
13.006,2.39,2.42,2.41,2.40
13.010,2.40,2.42,2.41,2.41
13.017,2.39,2.42,2.40,2.41
13.021,2.41,2.40,2.43,2.40
13.026,2.40,2.42,2.41,2.40
13.030,2.42,2.41,2.41,2.40
13.034,2.40,2.40,2.41,2.40
13.038,2.38,2.40,2.43,2.41
13.043,2.40,2.42,2.41,2.40
13.046,2.38,2.40,2.41,2.41
13.050,2.37,2.41,2.41,2.40
13.054,2.41,2.42,2.42,2.40
13.058,2.43,2.41,2.42,2.40
13.063,2.40,2.41,2.40,2.41
13.067,2.38,2.40,2.39,2.41
13.071,2.40,2.41,2.41,2.40
13.075,2.40,2.43,2.42,2.40
13.083,2.40,2.42,2.40,2.41
13.087,2.41,2.40,2.40,2.41
13.091,2.41,2.41,2.41,2.40
13.095,2.39,2.43,2.42,2.40
13.099,2.39,2.41,2.41,2.40
13.103,2.38,2.40,2.41,2.40
13.107,2.38,2.42,2.42,2.40
13.112,2.40,2.41,2.41,2.40
13.116,2.40,2.40,2.41,2.40
13.120,2.44,2.40,2.41,2.40
13.124,2.41,2.41,2.42,2.40
13.128,2.41,2.42,2.40,2.40
13.133,2.40,2.40,2.41,2.40
13.137,2.43,2.41,2.41,2.40
13.141,2.40,2.42,2.42,2.40
13.144,2.39,2.41,2.40,2.40
13.152,2.41,2.40,2.41,2.40
13.156,2.39,2.42,2.43,2.40
13.161,2.40,2.43,2.42,2.40
13.165,2.40,2.41,2.41,2.40
13.169,2.40,2.40,2.40,2.41
13.173,2.41,2.41,2.41,2.40
13.177,2.41,2.41,2.42,2.40
13.181,2.39,2.41,2.41,2.40
13.185,2.37,2.40,2.41,2.41
13.190,2.40,2.41,2.42,2.40
13.194,2.40,2.42,2.42,2.40
13.198,2.37,2.40,2.42,2.40
13.202,2.41,2.40,2.42,2.40
13.206,2.41,2.41,2.42,2.40
13.210,2.42,2.43,2.41,2.41
13.214,2.39,2.40,2.41,2.40
13.222,2.39,2.40,2.43,2.40
13.226,2.40,2.41,2.42,2.41
13.230,2.39,2.42,2.41,2.40
13.234,2.40,2.40,2.42,2.40
13.238,2.40,2.40,2.43,2.40
13.243,2.40,2.41,2.42,2.40
13.247,2.39,2.41,2.41,2.40
13.251,2.38,2.41,2.40,2.41
13.255,2.41,2.42,2.42,2.40
13.260,2.44,2.43,2.42,2.40
13.264,2.37,2.40,2.42,2.40
13.267,2.39,2.39,2.40,2.40
13.271,2.39,2.40,2.42,2.41
13.275,2.44,2.43,2.41,2.40
13.280,2.41,2.40,2.41,2.40
13.288,2.38,2.39,2.42,2.40
13.292,2.41,2.40,2.42,2.40
13.296,2.41,2.41,2.42,2.40
13.300,2.39,2.40,2.41,2.40
13.304,2.39,2.40,2.40,2.41
13.308,2.39,2.41,2.42,2.40
13.312,2.40,2.40,2.41,2.41
13.316,2.41,2.39,2.41,2.40
13.321,2.40,2.39,2.42,2.40
13.325,2.40,2.40,2.43,2.40
13.329,2.39,2.40,2.42,2.40
13.333,2.40,2.40,2.41,2.40
13.337,2.40,2.40,2.42,2.40
13.341,2.40,2.41,2.43,2.40
13.345,2.39,2.41,2.42,2.41
13.353,2.40,2.40,2.41,2.41
13.357,2.41,2.40,2.42,2.40
13.361,2.41,2.41,2.43,2.40
13.366,2.39,2.40,2.42,2.40
13.369,2.39,2.39,2.41,2.41
13.374,2.40,2.40,2.43,2.40
13.378,2.43,2.41,2.43,2.40
13.382,2.40,2.40,2.42,2.40
13.386,2.39,2.39,2.42,2.40
13.390,2.41,2.40,2.43,2.40
13.394,2.42,2.39,2.42,2.40
13.398,2.40,2.40,2.41,2.41
13.402,2.40,2.39,2.45,2.40
13.407,2.42,2.40,2.42,2.40
13.411,2.39,2.39,2.42,2.40
13.415,2.40,2.39,2.42,2.40
13.422,2.43,2.39,2.40,2.40
13.427,2.41,2.40,2.42,2.40
13.431,2.41,2.40,2.42,2.41
13.435,2.40,2.40,2.41,2.40
13.439,2.40,2.39,2.43,2.40
13.444,2.41,2.42,2.42,2.41
13.447,2.41,2.40,2.42,2.41
13.451,2.39,2.39,2.41,2.41
13.455,2.41,2.40,2.42,2.40
13.460,2.42,2.41,2.41,2.40
13.464,2.41,2.40,2.41,2.40
13.468,2.39,2.39,2.41,2.40
13.472,2.41,2.40,2.43,2.40
13.476,2.42,2.41,2.41,2.40
13.480,2.40,2.39,2.42,2.40
13.488,2.40,2.39,2.42,2.40
13.492,2.42,2.40,2.43,2.40
13.496,2.39,2.40,2.41,2.40
13.500,2.39,2.39,2.42,2.40
13.505,2.39,2.39,2.43,2.40
13.509,2.41,2.39,2.43,2.40
13.513,2.39,2.40,2.43,2.40
13.517,2.41,2.39,2.42,2.41
13.521,2.39,2.42,2.42,2.41
13.525,2.41,2.40,2.42,2.40
13.529,2.40,2.40,2.42,2.41
13.534,2.40,2.37,2.42,2.40
13.538,2.40,2.39,2.43,2.40
13.542,2.41,2.41,2.43,2.40
13.546,2.40,2.39,2.42,2.41
13.554,2.39,2.39,2.41,2.40
13.558,2.41,2.40,2.42,2.40
13.562,2.41,2.40,2.43,2.40
13.566,2.40,2.39,2.41,2.40
13.570,2.39,2.37,2.43,2.40
13.574,2.40,2.39,2.43,2.40
13.578,2.41,2.39,2.43,2.40
13.583,2.42,2.39,2.41,2.40
13.587,2.42,2.38,2.43,2.40
13.591,2.40,2.40,2.43,2.41
13.595,2.40,2.39,2.42,2.41
13.599,2.41,2.39,2.41,2.40
13.603,2.41,2.40,2.42,2.40
13.607,2.41,2.39,2.42,2.40
13.612,2.40,2.40,2.41,2.41
13.615,2.40,2.39,2.41,2.40
13.623,2.41,2.39,2.43,2.40
13.627,2.41,2.41,2.43,2.40
13.632,2.40,2.39,2.41,2.40
13.636,2.38,2.38,2.42,2.40
13.640,2.40,2.40,2.43,2.40
13.644,2.40,2.40,2.44,2.40
13.648,2.40,2.39,2.41,2.41
13.653,2.41,2.37,2.42,2.41
13.656,2.41,2.39,2.43,2.40
13.661,2.41,2.42,2.42,2.40
13.665,2.40,2.39,2.41,2.40
13.669,2.40,2.38,2.41,2.40
13.673,2.41,2.39,2.43,2.40
13.677,2.41,2.41,2.42,2.41
13.681,2.40,2.38,2.42,2.40
13.689,2.42,2.38,2.41,2.41
13.693,2.42,2.39,2.43,2.40
13.697,2.38,2.39,2.42,2.40
13.701,2.40,2.39,2.41,2.41
13.705,2.41,2.39,2.44,2.40
13.709,2.40,2.39,2.43,2.41
13.714,2.41,2.39,2.42,2.41
13.718,2.39,2.38,2.42,2.40
13.722,2.41,2.39,2.43,2.40
13.726,2.41,2.39,2.43,2.40
13.730,2.40,2.38,2.42,2.41
13.734,2.40,2.37,2.41,2.40
13.738,2.41,2.39,2.43,2.40
13.743,2.42,2.41,2.43,2.40
13.747,2.40,2.38,2.42,2.40
13.751,2.39,2.38,2.42,2.41
13.758,2.41,2.39,2.42,2.41
13.763,2.41,2.40,2.43,2.41
13.767,2.39,2.38,2.42,2.40
13.771,2.39,2.38,2.43,2.41
13.775,2.41,2.39,2.42,2.40
13.779,2.43,2.37,2.42,2.40
13.783,2.40,2.38,2.42,2.40
13.788,2.41,2.38,2.42,2.40
13.792,2.41,2.39,2.42,2.40
13.796,2.41,2.38,2.42,2.40
13.800,2.40,2.37,2.42,2.40
13.804,2.41,2.38,2.43,2.40
13.808,2.42,2.39,2.43,2.40
13.812,2.41,2.37,2.41,2.40
13.816,2.39,2.37,2.41,2.40
13.824,2.41,2.39,2.42,2.40
13.828,2.42,2.39,2.42,2.40
13.832,2.41,2.38,2.41,2.41
13.836,2.39,2.39,2.41,2.40
13.841,2.42,2.38,2.43,2.40
13.845,2.42,2.39,2.43,2.40
13.849,2.41,2.38,2.41,2.40
13.853,2.38,2.38,2.41,2.40
13.857,2.41,2.39,2.42,2.40
13.862,2.41,2.39,2.41,2.41
13.866,2.40,2.37,2.42,2.41
13.870,2.42,2.37,2.42,2.40
13.874,2.42,2.38,2.42,2.40
13.877,2.41,2.38,2.43,2.41
13.881,2.40,2.38,2.41,2.41
13.886,2.41,2.38,2.43,2.40
13.894,2.41,2.38,2.43,2.40
13.898,2.40,2.40,2.42,2.40
13.902,2.41,2.36,2.40,2.40
13.906,2.40,2.38,2.43,2.40
13.910,2.40,2.39,2.43,2.40
13.914,2.40,2.37,2.42,2.40
13.918,2.39,2.37,2.42,2.40
13.922,2.42,2.38,2.42,2.40
13.927,2.43,2.39,2.42,2.40
13.931,2.41,2.37,2.41,2.40
13.935,2.38,2.37,2.42,2.40
13.940,2.41,2.38,2.42,2.40
13.944,2.43,2.39,2.43,2.40
13.947,2.42,2.36,2.41,2.41
13.951,2.40,2.36,2.41,2.41
13.959,2.41,2.38,2.42,2.40
13.963,2.41,2.38,2.41,2.41
13.967,2.41,2.37,2.41,2.40
13.972,2.40,2.37,2.42,2.40
13.976,2.41,2.38,2.42,2.40
13.980,2.42,2.37,2.41,2.40
13.984,2.41,2.36,2.42,2.40
13.988,2.40,2.37,2.43,2.40
13.992,2.42,2.37,2.43,2.40
13.996,2.41,2.37,2.41,2.40
14.001,2.40,2.36,2.41,2.40
14.005,2.41,2.38,2.42,2.40
14.009,2.43,2.39,2.43,2.40
14.013,2.41,2.37,2.41,2.40
14.017,2.41,2.35,2.40,2.41
14.025,2.41,2.37,2.42,2.40
14.029,2.41,2.39,2.43,2.40
14.033,2.40,2.37,2.41,2.40
14.037,2.39,2.35,2.41,2.41
14.041,2.42,2.37,2.42,2.40
14.045,2.40,2.38,2.42,2.40
14.049,2.40,2.36,2.41,2.40
14.053,2.38,2.37,2.42,2.41
14.058,2.41,2.37,2.42,2.40
14.062,2.42,2.37,2.41,2.41
14.066,2.41,2.36,2.40,2.41
14.070,2.40,2.35,2.43,2.40
14.074,2.42,2.37,2.41,2.40
14.078,2.40,2.35,2.43,2.40
14.083,2.40,2.36,2.40,2.41
14.086,2.42,2.38,2.43,2.40
14.094,2.41,2.39,2.43,2.40
14.098,2.41,2.37,2.41,2.41
14.103,2.40,2.34,2.40,2.41
14.106,2.41,2.37,2.42,2.40
14.111,2.42,2.38,2.42,2.40
14.115,2.41,2.37,2.40,2.41
14.119,2.40,2.35,2.40,2.40
14.123,2.41,2.37,2.42,2.40
14.128,2.42,2.38,2.42,2.40
14.132,2.40,2.37,2.41,2.41
14.136,2.39,2.37,2.40,2.40
14.140,2.42,2.37,2.42,2.40
14.144,2.41,2.39,2.40,2.40
14.148,2.41,2.37,2.40,2.40
14.152,2.41,2.38,2.41,2.41
14.156,2.41,2.38,2.42,2.40
14.164,2.41,2.35,2.42,2.41
14.168,2.41,2.36,2.41,2.40
14.172,2.39,2.38,2.43,2.41
14.176,2.41,2.38,2.42,2.40
14.181,2.39,2.36,2.41,2.40
14.184,2.40,2.37,2.40,2.40
14.189,2.41,2.38,2.42,2.40
14.193,2.41,2.39,2.42,2.40
14.197,2.40,2.37,2.40,2.41
14.201,2.41,2.36,2.39,2.40
14.205,2.41,2.37,2.42,2.40
14.209,2.42,2.39,2.42,2.40
14.214,2.41,2.37,2.40,2.41
14.218,2.41,2.35,2.41,2.41
14.223,2.42,2.38,2.41,2.40
14.229,2.42,2.38,2.41,2.40
14.234,2.41,2.37,2.40,2.41
14.238,2.42,2.36,2.41,2.40
14.242,2.41,2.38,2.42,2.40
14.246,2.40,2.37,2.41,2.41
14.250,2.41,2.36,2.41,2.40
14.255,2.41,2.37,2.42,2.40
14.259,2.41,2.38,2.41,2.40
14.263,2.40,2.38,2.45,2.41
14.267,2.41,2.37,2.40,2.40
14.271,2.41,2.39,2.42,2.41
14.275,2.41,2.38,2.41,2.40
14.279,2.41,2.38,2.40,2.40
14.283,2.39,2.35,2.41,2.40
14.287,2.42,2.37,2.42,2.40
14.295,2.42,2.38,2.42,2.40
14.299,2.40,2.38,2.41,2.40
14.303,2.39,2.35,2.40,2.40
14.307,2.41,2.38,2.42,2.40
14.312,2.43,2.39,2.41,2.40
14.316,2.41,2.37,2.40,2.41
14.320,2.39,2.36,2.41,2.41
14.324,2.42,2.38,2.41,2.40
14.328,2.42,2.39,2.40,2.40
14.332,2.40,2.38,2.41,2.40
14.336,2.40,2.38,2.41,2.41
14.341,2.41,2.38,2.42,2.40
14.345,2.41,2.38,2.41,2.41
14.349,2.40,2.37,2.40,2.40
14.353,2.43,2.35,2.43,2.41
14.357,2.42,2.38,2.41,2.40
14.365,2.42,2.39,2.42,2.41
14.369,2.41,2.36,2.41,2.41
14.373,2.41,2.37,2.42,2.40
14.377,2.42,2.39,2.41,2.40
14.381,2.40,2.37,2.41,2.40
14.386,2.41,2.36,2.39,2.40
14.390,2.42,2.38,2.41,2.40
14.394,2.43,2.39,2.42,2.40
14.398,2.40,2.38,2.41,2.40
14.402,2.39,2.38,2.41,2.40
14.406,2.42,2.38,2.42,2.40
14.410,2.40,2.39,2.42,2.41
14.414,2.40,2.38,2.41,2.40
14.418,2.39,2.37,2.42,2.40
14.423,2.41,2.38,2.42,2.40
14.430,2.42,2.39,2.41,2.40
14.434,2.41,2.37,2.40,2.40
14.438,2.43,2.37,2.42,2.40
14.442,2.42,2.38,2.41,2.40
14.447,2.41,2.37,2.41,2.41
14.451,2.41,2.36,2.41,2.41
14.455,2.40,2.38,2.42,2.40
14.459,2.41,2.39,2.41,2.40
14.464,2.40,2.38,2.41,2.40
14.468,2.39,2.37,2.39,2.40
14.472,2.41,2.38,2.42,2.40
14.476,2.41,2.39,2.42,2.40
14.481,2.40,2.38,2.40,2.41
14.484,2.39,2.36,2.40,2.41
14.488,2.41,2.38,2.42,2.41
14.492,2.42,2.40,2.41,2.40
14.500,2.40,2.38,2.40,2.40
14.504,2.41,2.35,2.40,2.40
14.508,2.42,2.38,2.41,2.40
14.513,2.42,2.38,2.43,2.40
14.517,2.41,2.37,2.40,2.40
14.521,2.42,2.37,2.42,2.41
14.525,2.41,2.38,2.42,2.40
14.529,2.41,2.37,2.39,2.41
14.533,2.40,2.37,2.40,2.41
14.537,2.42,2.37,2.41,2.40
14.541,2.41,2.38,2.42,2.40
14.546,2.39,2.39,2.41,2.40
14.549,2.40,2.38,2.41,2.41
14.554,2.41,2.37,2.42,2.40
14.558,2.40,2.39,2.43,2.41
14.565,2.41,2.38,2.41,2.40
14.569,2.39,2.35,2.40,2.41
14.574,2.41,2.39,2.41,2.40
14.578,2.42,2.39,2.41,2.40
14.582,2.40,2.38,2.40,2.41
14.586,2.40,2.37,2.39,2.40
14.590,2.41,2.38,2.41,2.40
14.594,2.41,2.40,2.42,2.40
14.599,2.40,2.38,2.40,2.41
14.603,2.40,2.37,2.41,2.41
14.607,2.41,2.39,2.41,2.40
14.611,2.41,2.38,2.42,2.40
14.615,2.40,2.38,2.40,2.41
14.619,2.40,2.36,2.44,2.40
14.623,2.41,2.39,2.42,2.41
14.631,2.41,2.38,2.42,2.40
14.635,2.41,2.38,2.39,2.41
14.639,2.42,2.38,2.42,2.40
14.643,2.41,2.39,2.41,2.40
14.647,2.43,2.39,2.40,2.41
14.651,2.40,2.37,2.41,2.41
14.656,2.42,2.38,2.41,2.40
14.660,2.41,2.39,2.42,2.40
14.664,2.41,2.37,2.40,2.40
14.668,2.40,2.36,2.39,2.41
14.673,2.41,2.38,2.41,2.40
14.676,2.43,2.39,2.41,2.40
14.680,2.41,2.37,2.40,2.41
14.684,2.40,2.37,2.40,2.41
14.688,2.42,2.38,2.42,2.40
14.693,2.42,2.39,2.42,2.40
14.700,2.40,2.38,2.40,2.40
14.705,2.40,2.37,2.43,2.40
14.709,2.41,2.38,2.41,2.40
14.713,2.41,2.38,2.41,2.41
14.717,2.40,2.38,2.40,2.40
14.721,2.43,2.37,2.41,2.40
14.726,2.42,2.38,2.42,2.40
14.730,2.39,2.38,2.42,2.41
14.734,2.40,2.38,2.40,2.40
14.738,2.40,2.38,2.42,2.41
14.742,2.41,2.38,2.43,2.40
14.746,2.40,2.38,2.40,2.41
14.750,2.39,2.37,2.40,2.41
14.754,2.41,2.39,2.41,2.40
14.758,2.40,2.39,2.42,2.40
14.766,2.41,2.38,2.39,2.41
14.770,2.40,2.35,2.39,2.40
14.774,2.41,2.38,2.42,2.40
14.778,2.42,2.40,2.42,2.40
14.782,2.40,2.37,2.40,2.40
14.787,2.39,2.37,2.42,2.40
14.791,2.41,2.39,2.41,2.40
14.795,2.40,2.39,2.39,2.41
14.800,2.40,2.38,2.39,2.41
14.803,2.40,2.36,2.41,2.40
14.807,2.41,2.39,2.41,2.40
14.811,2.40,2.38,2.39,2.40
14.815,2.40,2.38,2.40,2.40
14.819,2.42,2.39,2.40,2.40
14.823,2.41,2.39,2.41,2.40
14.831,2.43,2.39,2.39,2.40
14.836,2.40,2.37,2.40,2.40
14.840,2.41,2.39,2.41,2.40
14.844,2.42,2.40,2.41,2.40
14.848,2.40,2.38,2.40,2.40
14.852,2.39,2.36,2.39,2.40
14.857,2.41,2.39,2.41,2.40
14.860,2.42,2.39,2.42,2.40
14.865,2.40,2.39,2.40,2.40
14.869,2.41,2.35,2.39,2.41
14.873,2.41,2.39,2.41,2.40
14.877,2.43,2.40,2.40,2.40
14.881,2.41,2.38,2.40,2.41
14.885,2.42,2.38,2.40,2.40
14.889,2.42,2.39,2.41,2.40
14.894,2.39,2.40,2.41,2.40
14.901,2.41,2.38,2.40,2.40
14.905,2.41,2.36,2.43,2.40
14.909,2.41,2.39,2.41,2.40
14.914,2.41,2.40,2.39,2.40
14.918,2.41,2.38,2.40,2.40
14.922,2.42,2.37,2.42,2.40
14.926,2.41,2.39,2.40,2.40
14.930,2.40,2.39,2.40,2.40
14.934,2.39,2.38,2.39,2.40
14.939,2.41,2.39,2.41,2.40
14.943,2.42,2.39,2.41,2.40
14.947,2.41,2.38,2.40,2.40
14.951,2.40,2.37,2.40,2.41
14.955,2.42,2.39,2.41,2.40
14.959,2.43,2.40,2.41,2.40
14.967,2.40,2.39,2.40,2.41
14.971,2.39,2.37,2.40,2.40
14.975,2.41,2.39,2.41,2.40
14.979,2.43,2.38,2.39,2.40
14.983,2.41,2.38,2.40,2.41
14.987,2.41,2.39,2.40,2.41
14.992,2.42,2.39,2.41,2.40
14.996,2.40,2.40,2.39,2.41
15.000,2.41,2.38,2.40,2.40
15.004,2.43,2.38,2.41,2.40
15.008,2.41,2.39,2.41,2.40
15.013,2.43,2.38,2.39,2.41
15.016,2.41,2.38,2.40,2.41
15.020,2.42,2.39,2.41,2.40
15.024,2.42,2.40,2.42,2.40
15.028,2.41,2.39,2.40,2.41
15.036,2.40,2.37,2.39,2.40
15.040,2.42,2.39,2.41,2.40
15.045,2.41,2.39,2.42,2.40
15.049,2.41,2.39,2.40,2.41
15.053,2.41,2.36,2.39,2.41
15.057,2.41,2.39,2.41,2.40
15.061,2.43,2.39,2.40,2.40
15.065,2.41,2.38,2.40,2.40
15.069,2.42,2.37,2.42,2.41
15.074,2.41,2.39,2.41,2.40
15.078,2.39,2.39,2.39,2.40
15.082,2.41,2.38,2.40,2.41
15.086,2.41,2.39,2.39,2.41
15.091,2.41,2.39,2.41,2.40
15.094,2.41,2.39,2.39,2.40
15.102,2.40,2.39,2.39,2.40
15.106,2.42,2.38,2.40,2.40
15.110,2.42,2.40,2.41,2.40
15.114,2.41,2.39,2.40,2.40
15.118,2.40,2.37,2.40,2.40
15.123,2.41,2.39,2.42,2.40
15.127,2.43,2.40,2.42,2.40
15.131,2.42,2.39,2.39,2.41
15.135,2.39,2.39,2.39,2.40
15.139,2.41,2.39,2.41,2.40
15.143,2.41,2.42,2.41,2.40
15.147,2.40,2.39,2.40,2.40
15.152,2.39,2.38,2.40,2.40
15.156,2.41,2.39,2.41,2.40
15.160,2.41,2.40,2.39,2.40
15.167,2.40,2.39,2.40,2.40
15.172,2.41,2.40,2.41,2.41
15.176,2.41,2.39,2.41,2.40
15.180,2.41,2.39,2.40,2.40
15.184,2.41,2.38,2.40,2.40
15.188,2.41,2.42,2.40,2.41
15.192,2.41,2.40,2.40,2.40
15.197,2.41,2.39,2.40,2.40
15.201,2.40,2.39,2.39,2.40
15.205,2.41,2.39,2.41,2.40
15.209,2.43,2.39,2.42,2.40
15.213,2.41,2.39,2.41,2.40
15.217,2.39,2.37,2.39,2.40
15.221,2.41,2.39,2.41,2.40
15.225,2.43,2.39,2.42,2.40
15.229,2.41,2.39,2.40,2.40
15.237,2.41,2.36,2.40,2.41
15.241,2.42,2.39,2.41,2.40
15.245,2.42,2.41,2.42,2.40
15.249,2.40,2.39,2.40,2.40
15.254,2.39,2.39,2.40,2.41
15.258,2.42,2.39,2.41,2.40
15.262,2.43,2.40,2.39,2.40
15.266,2.40,2.39,2.40,2.41
15.270,2.39,2.39,2.41,2.40
15.274,2.41,2.39,2.41,2.40
15.278,2.41,2.39,2.39,2.41
15.284,2.41,2.39,2.39,2.40
15.287,2.40,2.38,2.41,2.40
15.291,2.42,2.39,2.41,2.40
15.295,2.41,2.39,2.40,2.41
15.302,2.41,2.37,2.40,2.41
15.307,2.42,2.39,2.40,2.40
15.311,2.41,2.41,2.43,2.40
15.315,2.41,2.39,2.40,2.41
15.319,2.39,2.38,2.41,2.40
15.323,2.41,2.39,2.41,2.40
15.327,2.43,2.39,2.42,2.40
15.332,2.40,2.39,2.40,2.41
15.336,2.39,2.38,2.41,2.41
15.340,2.41,2.40,2.42,2.40
15.344,2.41,2.40,2.41,2.40
15.348,2.41,2.39,2.39,2.41
15.353,2.40,2.39,2.41,2.40
15.356,2.42,2.40,2.41,2.40
15.360,2.43,2.41,2.39,2.41
15.368,2.40,2.39,2.40,2.40
15.372,2.40,2.40,2.40,2.40
15.376,2.42,2.40,2.41,2.40
15.380,2.41,2.40,2.42,2.40
15.385,2.40,2.39,2.40,2.40
15.389,2.41,2.41,2.41,2.40
15.393,2.42,2.40,2.41,2.40
15.397,2.41,2.39,2.39,2.41
15.401,2.39,2.38,2.39,2.41
15.405,2.41,2.39,2.41,2.40
15.410,2.42,2.39,2.42,2.40
15.414,2.41,2.39,2.40,2.40
15.418,2.40,2.39,2.39,2.41
15.422,2.42,2.39,2.41,2.40
15.426,2.42,2.42,2.41,2.40
15.430,2.40,2.39,2.40,2.40
15.438,2.39,2.37,2.42,2.40
15.442,2.41,2.39,2.42,2.40
15.446,2.39,2.42,2.41,2.40
15.450,2.40,2.39,2.40,2.40
15.454,2.40,2.40,2.41,2.40
15.458,2.41,2.40,2.41,2.40
15.463,2.40,2.39,2.40,2.41
15.467,2.40,2.39,2.40,2.41
15.471,2.42,2.39,2.42,2.41
15.475,2.41,2.40,2.41,2.40
15.479,2.42,2.40,2.40,2.41
15.483,2.40,2.39,2.40,2.41
15.487,2.41,2.39,2.41,2.40
15.492,2.43,2.41,2.42,2.40
15.496,2.40,2.40,2.41,2.41
15.503,2.40,2.38,2.39,2.40
15.508,2.41,2.39,2.41,2.40
15.511,2.43,2.41,2.41,2.40
15.516,2.40,2.40,2.40,2.41
15.520,2.39,2.39,2.39,2.40
15.524,2.42,2.39,2.41,2.40
15.528,2.43,2.40,2.41,2.40
15.532,2.41,2.39,2.40,2.41
15.537,2.41,2.39,2.41,2.40
15.541,2.41,2.40,2.41,2.40
15.545,2.42,2.40,2.38,2.40
15.549,2.41,2.39,2.39,2.40
15.553,2.40,2.39,2.40,2.40
15.557,2.41,2.40,2.42,2.40
15.561,2.41,2.40,2.39,2.40
15.569,2.40,2.39,2.40,2.41
15.573,2.39,2.39,2.42,2.40
15.577,2.41,2.40,2.41,2.40
15.581,2.41,2.39,2.40,2.40
15.585,2.39,2.39,2.40,2.41
15.590,2.41,2.39,2.41,2.40
15.594,2.41,2.40,2.42,2.40
15.598,2.41,2.39,2.40,2.40
15.602,2.39,2.38,2.40,2.41
15.606,2.41,2.39,2.41,2.40
15.610,2.43,2.41,2.42,2.40
15.614,2.40,2.39,2.40,2.40
15.618,2.39,2.39,2.41,2.41
15.623,2.41,2.40,2.41,2.40
15.627,2.43,2.41,2.41,2.40
15.631,2.40,2.39,2.40,2.40
15.638,2.40,2.41,2.41,2.40
15.643,2.41,2.40,2.41,2.40
15.647,2.40,2.42,2.39,2.41
15.651,2.40,2.39,2.40,2.41
15.655,2.41,2.41,2.41,2.40
15.659,2.42,2.40,2.41,2.40
15.663,2.39,2.41,2.40,2.41
15.668,2.40,2.39,2.40,2.40
15.671,2.41,2.41,2.41,2.40
15.676,2.41,2.41,2.41,2.40
15.680,2.41,2.39,2.40,2.40
15.684,2.39,2.37,2.40,2.40
15.688,2.41,2.39,2.41,2.40
15.692,2.43,2.41,2.42,2.40
15.696,2.40,2.39,2.40,2.41
15.704,2.41,2.38,2.38,2.41
15.708,2.42,2.40,2.41,2.40
15.712,2.43,2.40,2.42,2.40
15.716,2.40,2.39,2.40,2.41
15.721,2.39,2.39,2.40,2.40
15.724,2.41,2.40,2.42,2.40
15.730,2.41,2.39,2.39,2.41
15.733,2.40,2.39,2.40,2.40
15.737,2.40,2.41,2.43,2.40
15.741,2.42,2.40,2.41,2.40
15.745,2.39,2.40,2.40,2.40
15.750,2.41,2.39,2.40,2.40
15.754,2.39,2.39,2.42,2.40
15.758,2.41,2.40,2.41,2.40
15.762,2.39,2.40,2.40,2.41
15.766,2.39,2.40,2.39,2.40
15.773,2.41,2.40,2.41,2.40
15.778,2.43,2.42,2.42,2.40
15.782,2.41,2.40,2.40,2.41
15.786,2.40,2.39,2.41,2.41
15.790,2.41,2.40,2.41,2.40
15.795,2.41,2.42,2.42,2.40
15.798,2.41,2.39,2.40,2.41
15.802,2.39,2.38,2.41,2.40
15.806,2.41,2.40,2.41,2.40
15.811,2.42,2.41,2.41,2.40
15.815,2.41,2.40,2.39,2.40
15.820,2.41,2.39,2.40,2.41
15.823,2.42,2.40,2.41,2.40
15.827,2.41,2.40,2.39,2.40
15.832,2.40,2.39,2.40,2.41
15.839,2.41,2.38,2.40,2.40
15.843,2.42,2.40,2.41,2.40
15.847,2.42,2.39,2.39,2.40
15.851,2.41,2.39,2.40,2.41
15.856,2.41,2.39,2.41,2.40
15.861,2.41,2.41,2.43,2.40
15.864,2.41,2.40,2.41,2.40
15.868,2.38,2.39,2.40,2.40
15.872,2.40,2.40,2.41,2.40
15.877,2.41,2.40,2.41,2.40
15.881,2.41,2.39,2.40,2.40
15.885,2.40,2.37,2.40,2.41
15.889,2.41,2.40,2.42,2.40
15.893,2.42,2.40,2.42,2.40
15.897,2.40,2.40,2.40,2.41
15.905,2.39,2.39,2.39,2.40
15.909,2.41,2.41,2.41,2.40
15.913,2.42,2.42,2.39,2.40
15.917,2.41,2.40,2.40,2.41
15.921,2.39,2.40,2.41,2.41
15.925,2.41,2.40,2.41,2.40
15.929,2.40,2.41,2.45,2.40
15.934,2.40,2.39,2.40,2.40
15.938,2.41,2.41,2.40,2.40
15.942,2.41,2.41,2.41,2.40
15.946,2.41,2.40,2.40,2.41
15.950,2.40,2.39,2.41,2.40
15.955,2.41,2.40,2.41,2.40
15.958,2.41,2.41,2.41,2.40
15.962,2.40,2.40,2.39,2.41
15.966,2.39,2.39,2.40,2.40
15.974,2.41,2.40,2.41,2.40
15.978,2.42,2.40,2.43,2.40
15.982,2.40,2.40,2.40,2.41
15.987,2.41,2.39,2.39,2.41
15.991,2.42,2.40,2.41,2.40
15.995,2.42,2.41,2.42,2.40
15.999,2.41,2.39,2.40,2.41
16.003,2.40,2.41,2.42,2.40
16.007,2.41,2.40,2.42,2.40
